-23,-1009
54,-23,-1010
55,-25,-1013
53,-24,-1008
54,-24,-1007
53,-23,-1010
52,-20,-1012
51,-21,-1010
50,-22,-1015
52,-22,-1006
55,-21,-1013
55,-24,-1009
54,-24,-1015
55,-23,-1010
53,-21,-1009
52,-23,-1007
50,-20,-1012
50,-17,-1011
51,-21,-1011
54,-22,-1013
52,-24,-1007
53,-25,-1010
51,-24,-1005
55,-22,-1013
54,-20,-1007
52,-20,-1009
53,-20,-1010
52,-18,-1013
52,-22,-1006
51,-21,-1014
53,-23,-1008
51,-23,-1013
51,-23,-1005
54,-21,-1015
53,-26,-1006
51,-22,-1012
51,-24,-1008
53,-21,-1009
53,-25,-1012
53,-23,-1010
56,-26,-1009
55,-22,-1013
53,-22,-1010
51,-22,-1010
51,-21,-1009
54,-20,-1010
51,-20,-1013
53,-20,-1011
53,-24,-1007
56,-24,-1010
55,-23,-1006
55,-24,-1010
52,-21,-1010
52,-22,-1009
52,-19,-1011
51,-19,-1009
53,-19,-1008
52,-22,-1006
53,-20,-1009
55,-24,-1008
54,-24,-1013
53,-22,-1008
51,-22,-1009
51,-22,-1010
51,-21,-1007
51,-19,-1008
54,-20,-1008
55,-23,-1011
56,-24,-1007
53,-24,-1014
53,-23,-1007
58,-18,-1021
49,-24,-1005
54,-23,-1008
52,-18,-1017
51,-23,-1006
51,-23,-1013
55,-25,-1001
50,-22,-1017
51,-25,-999
54,-21,-1020
50,-20,-998
52,-19,-1013
53,-21,-1004
50,-19,-1014
53,-22,-1007
53,-22,-1018
51,-24,-1002
54,-22,-1018
50,-23,-1001
47,-18,-1015
50,-21,-1005
53,-23,-1011
54,-26,-1007
57,-24,-1014
55,-27,-1011
52,-24,-1011
55,-22,-1012
51,-22,-1012
52,-23,-1009
51,-20,-1009
49,-20,-1007
52,-22,-1009
55,-22,-1012
52,-23,-1009
54,-24,-1010
52,-25,-1010
53,-21,-1011
54,-21,-1007
51,-18,-1013
52,-19,-1008
51,-18,-1013
50,-22,-1007
54,-23,-1011
53,-25,-1012
54,-26,-1011
53,-24,-1010
55,-22,-1011
50,-20,-1010
51,-19,-1012
51,-18,-1010
53,-21,-1011
53,-21,-1008
56,-24,-1007
53,-26,-1010
56,-27,-1008
54,-24,-1009
53,-21,-1006
53,-22,-1012
51,-20,-1009
51,-21,-1011
51,-22,-1009
53,-24,-1006
55,-25,-1009
54,-25,-1010
54,-24,-1010
53,-24,-1011
51,-19,-1009
52,-20,-1011
52,-19,-1011
51,-19,-1008
52,-22,-1009
53,-23,-1007
54,-24,-1007
58,-25,-1011
57,-24,-1005
53,-22,-1009
54,-22,-1009
53,-21,-1010
51,-18,-1014
51,-22,-1011
54,-22,-1013
53,-22,-1009
53,-22,-1013
54,-23,-1012
54,-23,-1009
58,-20,-1015
50,-21,-1008
54,-24,-1008
51,-20,-1010
52,-22,-1017
51,-22,-1002
53,-20,-1018
51,-23,-1005
55,-21,-1014
54,-25,-1002
52,-23,-1015
54,-24,-1007
56,-21,-1010
55,-22,-1008
53,-22,-1010
53,-19,-1007
51,-22,-1008
53,-23,-1011
51,-25,-1009
53,-22,-1011
53,-24,-1007
52,-23,-1012
56,-22,-1004
54,-21,-1012
53,-21,-1007
51,-22,-1013
52,-20,-1009
51,-21,-1010
54,-22,-1010
54,-24,-1012
53,-24,-1010
51,-23,-1009
55,-24,-1013
53,-21,-1007
55,-20,-1014
51,-22,-1007
54,-23,-1006
54,-21,-1005
51,-16,-1009
52,-23,-1011
54,-21,-1011
56,-25,-1007
53,-23,-1011
54,-21,-1011
53,-20,-1009
55,-19,-1015
50,-21,-1010
53,-21,-1016
53,-21,-1009
52,-23,-1012
54,-25,-1009
55,-23,-1006
53,-23,-1010
53,-23,-1009
53,-21,-1011
53,-20,-1009
53,-21,-1009
51,-21,-1009
55,-20,-1009
52,-21,-1008
54,-23,-1010
52,-23,-1010
56,-21,-1011
55,-23,-1009
53,-22,-1009
52,-21,-1007
52,-18,-1014
53,-20,-1009
51,-23,-1007
54,-25,-1010
54,-22,-1009
55,-23,-1007
53,-21,-1010
54,-23,-1012
54,-21,-1007
51,-21,-1011
50,-22,-1006
53,-22,-1006
52,-20,-1011
52,-22,-1014
53,-23,-1010
52,-24,-1009
54,-24,-1007
55,-23,-1008
52,-23,-1009
50,-17,-1002
54,-22,-1023
41,-31,-977
65,-16,-1040
48,-22,-993
53,-23,-1028
52,-27,-986
58,-19,-1024
49,-29,-978
56,-16,-1035
50,-25,-985
53,-19,-1031
51,-25,-994
55,-22,-1023
50,-23,-1004
57,-21,-1013
51,-25,-987
51,-19,-1026
52,-23,-994
52,-18,-1019
52,-23,-1003
52,-21,-1014
52,-22,-1001
54,-21,-1015
54,-22,-1013
53,-22,-1009
54,-21,-1016
54,-21,-1016
53,-21,-1008
51,-19,-1013
51,-21,-1015
50,-21,-1012
53,-23,-1009
54,-24,-1009
56,-24,-1008
53,-23,-1006
53,-23,-1012
51,-22,-1006
53,-21,-1010
51,-24,-1008
53,-21,-1016
56,-22,-1011
52,-21,-1015
55,-23,-1007
53,-23,-1013
55,-22,-1008
55,-23,-1011
51,-21,-1010
53,-20,-1009
53,-20,-1007
54,-21,-1009
54,-21,-1011
52,-22,-1009
53,-23,-1011
56,-22,-1009
53,-22,-1013
52,-24,-1009
53,-21,-1009
51,-22,-1008
53,-19,-1010
52,-21,-1009
53,-20,-1010
52,-23,-1012
53,-23,-1009
54,-24,-1007
54,-20,-1012
54,-23,-1009
53,-22,-1007
52,-23,-1007
52,-20,-1012
51,-20,-1008
54,-22,-1012
50,-24,-1008
54,-21,-1010
54,-22,-1010
54,-22,-1012
53,-23,-1008
52,-23,-1011
51,-21,-1007
52,-21,-1008
52,-22,-1006
54,-22,-1007
53,-23,-1007
54,-22,-1005
54,-22,-1010
53,-21,-1011
52,-19,-1012
54,-21,-1011
50,-22,-1008
52,-21,-1009
52,-22,-1010
52,-22,-1010
51,-21,-1010
54,-22,-1010
55,-24,-1011
52,-24,-1009
53,-20,-1014
54,-21,-1007
52,-22,-1012
55,-21,-1006
54,-22,-1012
54,-23,-1009
56,-23,-1012
54,-25,-1006
52,-23,-1012
55,-22,-1008
52,-22,-1009
51,-21,-1010
54,-19,-1014
55,-21,-1011
53,-21,-1011
52,-21,-1009
53,-23,-1013
55,-22,-1007
56,-22,-1009
53,-23,-1013
53,-21,-1010
53,-20,-1010
51,-21,-1011
53,-20,-1007
52,-22,-1012
53,-21,-1010
53,-22,-1011
55,-22,-1008
55,-22,-1010
54,-20,-1005
53,-20,-1010
54,-22,-1007
52,-20,-1013
51,-20,-1009
54,-20,-1010
55,-20,-1009
53,-21,-1010
55,-23,-1011
54,-21,-1011
53,-23,-1011
54,-20,-1011
53,-21,-1012
53,-20,-1008
53,-22,-1010
54,-22,-1008
54,-21,-1010
52,-24,-1011
54,-21,-1012
51,-20,-1010
52,-23,-1009
53,-23,-1010
56,-22,-1010
51,-21,-1011
52,-22,-1010
52,-21,-1008
52,-20,-1014
54,-22,-1011
52,-24,-1006
54,-23,-1010
53,-21,-1010
53,-20,-1010
53,-21,-1012
53,-21,-1012
54,-19,-1011
53,-21,-1008
54,-22,-1013
53,-21,-1012
54,-21,-1011
51,-23,-1011
55,-20,-1012
53,-20,-1006
52,-22,-1010
51,-19,-1009
51,-21,-1012
52,-23,-1009
55,-21,-1013
55,-20,-1011
55,-22,-1010
52,-20,-1011
54,-24,-1011
55,-20,-1009
53,-22,-1011
53,-21,-1011
53,-21,-1006
54,-21,-1011
51,-21,-1006
55,-22,-1010
53,-21,-1006
55,-22,-1012
51,-21,-1005
54,-22,-1011
52,-20,-1008
55,-19,-1008
50,-20,-1007
53,-22,-1008
54,-24,-1005
54,-22,-1014
53,-21,-1011
54,-23,-1011
53,-22,-1014
54,-21,-1009
53,-21,-1013
53,-19,-1008
54,-19,-1013
52,-22,-1006
54,-21,-1015
56,-24,-1004
55,-21,-1013
52,-23,-1004
54,-20,-1016
53,-24,-1004
53,-21,-1012
51,-21,-1008
51,-22,-1012
54,-21,-1006
54,-22,-1015
53,-22,-1006
54,-20,-1014
52,-24,-1008
54,-22,-1012
51,-21,-1010
55,-19,-1011
53,-22,-1008
53,-22,-1011
54,-23,-1013
55,-23,-1009
56,-20,-1009
54,-22,-1008
54,-22,-1012
54,-20,-1005
56,-22,-1016
53,-20,-1007
55,-21,-1012
53,-23,-1008
53,-24,-1012
54,-22,-1007
54,-22,-1012
51,-21,-1007
54,-21,-1016
53,-22,-1007
53,-19,-1013
54,-23,-1006
54,-22,-1011
51,-22,-1009
53,-24,-1008
53,-22,-1009
54,-19,-1008
54,-21,-1011
53,-23,-1008
53,-19,-1010
54,-24,-1011
54,-22,-1009
52,-24,-1008
55,-19,-1015
54,-23,-1010
53,-19,-1011
53,-23,-1009
51,-23,-1013
55,-21,-1010
53,-21,-1013
55,-16,-1038
54,-13,-1042
48,-18,-1018
50,-18,-995
51,-19,-998
53,-22,-990
51,-20,-996
52,-18,-991
55,-17,-998
51,-16,-1004
47,-16,-1015
49,-17,-1017
48,-16,-1022
52,-17,-1015
59,-16,-1011
58,-19,-1010
55,-17,-1009
55,-18,-1014
47,-16,-1003
2,-15,-1004
58,-19,-1020
40,-18,-1018
108,-20,-1019
50,-18,-1017
72,-20,-1008
55,-17,-1018
18,-21,-989
19,-13,-1013
38,-16,-1007
70,-13,-1030
52,-15,-1005
73,-18,-1001
51,-20,-984
131,-1,-1019
119,100,-1016
90,56,-1014
103,24,-991
132,65,-990
159,92,-981
174,54,-1008
165,-1,-1024
171,9,-985
167,-3,-1008
176,62,-1040
176,38,-961
169,22,-1000
130,-2,-989
119,-33,-978
116,-19,-1001
145,35,-1010
190,21,-956
206,22,-1020
210,15,-995
193,-25,-984
204,9,-1062
138,17,-994
84,38,-1013
61,19,-1022
85,15,-1012
115,26,-965
132,53,-1021
129,23,-1048
139,60,-994
145,22,-1007
154,51,-971
185,25,-1055
120,3,-999
42,9,-1036
-25,4,-1037
-32,33,-1012
47,-15,-988
116,-22,-987
214,24,-1019
196,-26,-935
146,-11,-980
115,10,-1009
116,-22,-1022
125,-14,-995
107,-55,-989
127,-32,-1031
122,22,-1101
134,-40,-931
125,-21,-1012
91,-2,-1045
65,-32,-986
55,-31,-944
41,-8,-1029
18,-3,-1069
23,7,-1008
80,-7,-986
62,-8,-1021
-10,3,-1013
35,-28,-1014
35,-11,-1029
16,1,-953
14,-70,-985
11,23,-1012
7,-48,-1063
4,-15,-1043
-8,-35,-989
-2,-38,-958
1,-36,-1002
25,-29,-1058
43,2,-1049
44,-47,-984
38,-79,-960
37,-74,-962
64,-17,-1030
44,-57,-1093
67,-59,-1082
35,-77,-937
72,-11,-921
51,-119,-929
-49,-37,-977
-3,-48,-1076
27,-51,-1113
31,-129,-1051
19,48,-1021
48,-11,-1002
36,-75,-982
11,-34,-977
-1,-45,-987
5,33,-1001
-37,-20,-993
-24,-21,-986
-43,45,-995
-64,42,-976
-37,3,-982
-40,-13,-986
-51,17,-1030
-45,-7,-1143
-33,-129,-1143
10,-22,-1006
8,2,-902
16,10,-887
15,12,-915
12,9,-1020
-14,-8,-1085
-3,-50,-1122
21,-64,-1062
19,-41,-974
21,56,-905
5,-79,-942
46,-93,-983
78,34,-1053
27,-39,-1093
40,-27,-1089
61,-59,-1020
43,-72,-953
16,-10,-935
8,-26,-972
14,-28,-1015
27,-24,-1054
19,-49,-1067
33,-61,-1056
53,-74,-1018
24,-68,-965
29,-30,-961
22,-31,-960
43,-41,-979
35,-88,-1003
-3,-10,-1054
0,-70,-1069
11,-23,-1025
80,-16,-958
77,-18,-908
30,-20,-865
15,-30,-893
23,-27,-967
24,-23,-1003
85,-21,-1036
179,1,-1040
198,-20,-1004
145,-43,-972
117,-26,-1020
94,-26,-1069
142,-34,-1106
181,-41,-1123
142,-77,-1158
117,-87,-1159
113,-68,-1159
91,-30,-1148
110,-26,-1145
127,-20,-1163
107,-16,-1174
71,-10,-1184
24,-20,-1182
-40,-5,-1183
-5,-6,-1175
29,11,-1145
7,30,-1093
-10,37,-1064
10,52,-1021
61,42,-986
71,56,-958
82,54,-938
103,56,-899
118,53,-880
107,33,-870
91,31,-857
94,17,-842
100,12,-811
97,6,-785
69,0,-775
34,4,-774
29,-21,-778
38,-20,-783
8,-18,-795
-8,-25,-818
6,-31,-844
-2,-27,-872
-44,-19,-908
-87,-9,-945
-100,-10,-966
-70,-6,-1016
-30,-4,-1030
30,-14,-1065
33,-2,-1091
-7,2,-1116
-53,-1,-1140
-59,-14,-1160
6,-25,-1175
54,-40,-1173
77,-36,-1148
61,-25,-1122
47,-13,-1130
55,-11,-1112
64,-20,-1094
65,-33,-1067
41,-25,-1054
85,-31,-1028
145,-38,-989
126,-23,-937
90,-21,-903
92,-14,-905
112,-23,-913
113,-31,-898
71,-26,-864
64,-26,-839
92,-31,-829
85,-44,-817
89,-33,-820
134,-57,-819
168,-56,-812
112,-19,-816
79,3,-881
154,3,-938
293,-2,-983
304,-4,-981
262,-4,-956
217,-13,-980
133,-16,-1024
118,-20,-1097
170,-24,-1132
190,-19,-1130
194,-15,-1142
190,-23,-1172
163,-22,-1187
118,-17,-1183
115,-16,-1171
143,-35,-1171
125,-45,-1170
80,-48,-1157
52,-41,-1133
73,-40,-1106
84,-20,-1071
90,-27,-1049
80,-22,-1015
76,-17,-983
83,-20,-955
75,-19,-932
64,-19,-935
69,-13,-938
83,-16,-951
80,-19,-970
75,-15,-988
77,-7,-998
75,-1,-1007
79,-4,-1022
73,-5,-1033
73,2,-1051
62,13,-1066
56,16,-1067
55,26,-1066
17,-9,-1001
67,10,-955
51,10,-915
40,8,-879
49,10,-869
52,11,-864
38,12,-862
37,12,-875
35,14,-884
33,23,-911
38,11,-930
81,3,-969
85,0,-991
59,-3,-1012
45,1,-1049
46,-3,-1070
46,9,-1077
80,2,-1088
104,-3,-1098
46,-2,-1109
1,0,-1124
3,3,-1139
0,5,-1126
0,5,-1113
-24,6,-1088
-60,8,-1048
-72,9,-1008
-72,9,-975
-70,6,-953
-80,4,-926
-77,6,-920
-46,9,-915
-36,3,-914
-49,4,-918
-46,4,-929
-38,5,-960
-49,6,-979
-50,8,-1025
-43,6,-1059
-49,7,-1075
-44,7,-1091
-39,7,-1101
-54,7,-1092
-52,7,-1089
-54,7,-1067
-65,6,-1036
-65,7,-1014
-53,5,-977
-51,3,-953
-50,3,-938
-43,0,-940
-44,0,-937
-38,3,-943
-38,-1,-950
-33,0,-970
-26,2,-994
-26,5,-1014
-28,5,-1035
-42,6,-1058
-52,5,-1062
-60,2,-1070
-67,1,-1067
-65,1,-1055
-67,2,-1046
-63,4,-1021
-60,3,-1000
-53,4,-979
-46,3,-971
-35,1,-961
-36,0,-952
-38,-1,-954
-36,-1,-956
-35,-1,-966
-33,-32,-971
-153,-9,-538
171,216,-669
-44,-16,-778
-177,-35,-836
164,33,-1017
-106,26,-1168
-31,-29,-1378
-6,-42,-1526
-87,-21,-1555
-21,-13,-1533
-98,-3,-1392
-122,-8,-1218
-27,-22,-951
-104,-17,-704
-83,-28,-540
-29,-20,-482
-79,-16,-478
12,-22,-563
3,-44,-654
-28,-33,-865
23,-33,-1117
7,-16,-1317
15,-10,-1418
-30,-12,-1486
-73,-4,-1479
-72,-11,-1389
-152,-8,-1235
-95,-1,-1080
-71,-19,-874
-156,-13,-675
-31,-33,-571
-67,-29,-510
-21,-31,-559
6,-34,-682
-25,-25,-788
12,-22,-998
50,-12,-1184
-14,-25,-1293
-80,-3,-1378
44,-12,-1453
-97,-2,-1383
-64,-15,-1307
-54,-8,-1173
-10,-32,-1029
-8,-33,-875
-21,-31,-741
-83,-17,-632
-110,-12,-595
-102,-12,-638
-129,-11,-730
-47,-38,-882
60,-42,-1039
-37,-14,-1149
16,-18,-1284
54,-8,-1374
9,-7,-1388
-7,-12,-1358
-71,-21,-1261
-81,-8,-1133
-58,-27,-997
-66,5,-849
-29,-30,-770
-125,-9,-643
-86,-26,-616
-103,-22,-640
-135,-12,-731
-74,-12,-879
-74,-3,-1028
-78,-11,-1147
-59,-12,-1257
2,-15,-1357
-18,-11,-1361
12,-16,-1339
-16,-17,-1260
-55,-11,-1106
15,-28,-964
-122,-14,-780
-65,-18,-683
-83,-17,-612
-111,-17,-624
-51,-25,-717
-91,-19,-842
-33,-23,-1016
-29,-14,-1172
-15,-15,-1296
4,-10,-1360
-49,-8,-1353
-48,-8,-1313
-18,-8,-1231
-57,-14,-1087
-105,-16,-931
-80,-21,-795
-109,-19,-683
-79,-23,-640
-69,-21,-670
-58,-20,-749
-29,-18,-884
-18,-15,-1040
0,-11,-1178
6,-11,-1283
-28,-14,-1323
-60,-10,-1324
-47,-13,-1281
-93,-8,-1188
-63,-12,-1080
-110,-12,-930
-105,-16,-803
-84,-21,-694
-85,-18,-676
-33,-24,-706
-33,-21,-779
-11,-22,-897
0,-19,-1040
0,-16,-1164
2,-15,-1250
-62,-9,-1282
-62,-7,-1292
-49,-10,-1271
-108,-11,-1166
-104,-12,-1074
-87,-14,-965
-94,-17,-839
-80,-18,-760
-46,-21,-724
-35,-21,-728
-2,-21,-794
-1,-19,-895
5,-17,-1014
8,-16,-1093
-9,-13,-1183
-54,-10,-1235
-66,-9,-1261
-87,-8,-1245
-115,-6,-1192
-113,-7,-1119
-99,-8,-1027
-84,-16,-918
-78,-17,-821
-32,-22,-768
-20,-24,-748
3,-24,-781
12,-23,-855
4,-21,-917
6,-17,-1025
-5,-14,-1123
-58,-13,-1180
-84,-10,-1220
-90,-5,-1233
-116,-9,-1202
-113,-9,-1150
-114,-11,-1074
-59,-15,-960
-55,-18,-866
-29,-19,-801
0,-22,-784
0,-22,-779
15,-22,-823
15,-24,-878
-9,-19,-960
-13,-16,-1054
-40,-11,-1133
-90,-7,-1176
-103,-5,-1204
-115,-6,-1201
-118,-8,-1172
-108,-9,-1119
-71,-10,-1022
-46,-16,-932
-31,-20,-850
3,-22,-812
5,-23,-796
9,-23,-805
14,-23,-836
-7,-16,-910
-27,-16,-991
-49,-16,-1075
-81,-11,-1143
-108,-6,-1181
-124,-7,-1195
-111,-5,-1184
-106,-8,-1117
-64,-11,-1059
-44,-14,-979
-30,-17,-897
0,-23,-844
1,-21,-825
7,-21,-815
7,-23,-834
-15,-18,-881
-32,-18,-956
-58,-14,-1038
-84,-8,-1109
-98,-6,-1157
-119,-5,-1173
-116,-6,-1175
-99,-9,-1152
-79,-11,-1100
-52,-13,-1027
-34,-16,-953
-11,-20,-890
1,-20,-846
0,-20,-829
0,-19,-839
-14,-19,-877
-36,-16,-932
-60,-11,-1011
-81,-10,-1076
-96,-7,-1133
-108,-7,-1160
-110,-6,-1163
-93,-9,-1149
-77,-9,-1110
-45,-14,-1055
-29,-16,-967
-18,-19,-922
1,-21,-872
-8,-19,-848
-11,-20,-849
-31,-18,-880
-50,-13,-936
-67,-13,-1000
-85,-10,-1067
-96,-8,-1117
-102,-8,-1143
-98,-6,-1152
-81,-9,-1141
-64,-11,-1107
-40,-12,-1056
-23,-17,-996
-20,-19,-939
-8,-20,-886
-18,-21,-862
-24,-18,-862
-39,-16,-891
-59,-15,-938
-72,-15,-995
-85,-12,-1058
-90,-9,-1103
-93,-9,-1131
-87,-9,-1138
-67,-11,-1127
-56,-12,-1099
-36,-13,-1055
-21,-15,-1001
-20,-18,-949
-17,-16,-906
-28,-19,-878
-36,-17,-878
-49,-14,-899
-66,-12,-937
-73,-13,-994
-80,-11,-1043
-83,-9,-1088
-85,-10,-1119
-74,-12,-1129
-56,-12,-1124
-44,-13,-1088
-27,-15,-1043
-24,-16,-996
-25,-17,-948
-31,-17,-909
-41,-17,-889
-49,-16,-890
-64,-15,-913
-74,-13,-953
-76,-10,-1002
-73,-12,-1043
-69,-11,-1089
-68,-11,-1109
-56,-13,-1116
-42,-12,-1110
-38,-15,-1086
-32,-15,-1037
-29,-12,-985
-37,-15,-948
-47,-17,-913
-53,-17,-899
-64,-15,-901
-66,-14,-926
-68,-14,-961
-68,-11,-990
-61,-9,-1034
-60,-11,-1069
-52,-12,-1100
-43,-15,-1104
-38,-13,-1095
-34,-14,-1074
-36,-16,-1040
-41,-13,-1009
-50,-16,-962
-53,-15,-947
-59,-13,-926
-63,-18,-923
-65,-16,-935
-61,-15,-958
-57,-12,-986
-49,-16,-1018
-46,-15,-1047
-39,-15,-1070
-38,-16,-1091
-35,-12,-1090
-39,-13,-1075
-48,-14,-1050
-54,-15,-1016
-61,-13,-990
-61,-16,-963
-66,-16,-944
-60,-14,-931
-57,-15,-939
-53,-15,-948
-42,-17,-980
-38,-16,-1004
-34,-15,-1030
-33,-16,-1058
-35,-14,-1079
-42,-15,-1081
-48,-13,-1075
-56,-13,-1052
-64,-14,-1026
-71,-15,-997
-68,-14,-976
-63,-14,-956
-59,-16,-947
-47,-14,-947
-39,-16,-957
-32,-16,-978
-26,-16,-999
-27,-17,-1018
-38,-15,-1040
-46,-15,-1056
-54,-14,-1067
-64,-14,-1063
-64,-13,-1055
-61,-13,-1035
-61,-13,-1013
-55,-14,-992
-51,-16,-981
-43,-15,-966
-37,-15,-961
-42,-16,-965
-33,-14,-978
-35,-14,-989
-71,-10,-1006
-73,-13,-1016
-62,-13,-1035
-65,-13,-1040
-60,-16,-1040
-80,-14,-1031
-48,-17,-1029
-50,-14,-1016
-44,-16,-1005
-35,-15,-1001
-21,-15,-985
-19,-15,-980
-25,-16,-977
-26,-17,-986
-37,-15,-987
-52,-15,-1000
-72,-13,-1015
-78,-12,-1025
-85,-11,-1035
-82,-10,-1037
-75,-10,-1034
-64,-11,-1026
-51,-11,-1016
-34,-13,-1002
-30,-16,-992
-22,-17,-987
-28,-17,-984
-35,-15,-983
-45,-13,-986
-63,-13,-994
-68,-10,-1005
-80,-9,-1022
-81,-11,-1028
-81,-13,-1035
-73,-15,-1035
-61,-13,-1033
-56,-14,-1018
-39,-13,-1012
-26,-15,-1002
-30,-14,-991
-25,-14,-991
-36,-14,-988
-46,-14,-988
-59,-13,-990
-66,-8,-996
-71,-25,-993
-60,-22,-999
-117,-6,-990
-29,-7,-1020
-75,-5,-1006
-81,-11,-1015
-56,-16,-1020
-88,-14,-1007
-92,-18,-996
-112,-12,-998
-51,-16,-1012
-81,-14,-1010
-31,-17,-1031
-22,-17,-1032
-1,-20,-1036
29,-22,-1049
30,-18,-1035
38,-24,-1029
29,-21,-1018
24,-18,-1006
-2,-19,-996
-33,-15,-986
-67,-14,-988
-96,-12,-987
-95,-12,-994
-79,-14,-1004
-87,-14,-1005
-71,-12,-1015
-55,-15,-1021
-38,-13,-1022
-13,-17,-1020
-8,-15,-1016
-1,-17,-1010
-3,-18,-1009
-16,-19,-1006
-34,-17,-1003
-59,-15,-997
-73,-12,-1000
-82,-12,-1004
-86,-13,-1004
-82,-11,-1007
-64,-13,-1015
-50,-15,-1015
-26,-17,-1016
-12,-15,-1017
-6,-19,-1018
-7,-20,-1014
-16,-18,-1011
-33,-17,-1008
-49,-16,-1007
-65,-18,-1000
-74,-15,-997
-86,-13,-997
-80,-12,-1001
-65,-12,-1001
-53,-12,-1007
-36,-14,-1009
-24,-16,-1013
-13,-18,-1015
-9,-19,-1015
-16,-19,-1013
-24,-17,-1011
-43,-15,-1009
-59,-13,-1007
-73,-13,-1006
-77,-13,-1004
-80,-14,-1003
-75,-11,-1002
-55,-15,-1005
-40,-17,-1007
-27,-18,-1013
-14,-17,-1012
-11,-19,-1016
-13,-18,-1017
-29,-15,-1014
-40,-18,-1009
-55,-15,-1005
-70,-14,-1002
-76,-13,-1006
-80,-13,-998
-69,-15,-1003
-62,-13,-1004
-45,-13,-1005
-31,-16,-1008
-16,-16,-1010
-12,-18,-1014
-18,-17,-1018
-22,-17,-1018
-42,-16,-1016
-54,-15,-1012
-66,-12,-1013
-73,-10,-1010
-76,-11,-1006
-74,-12,-1003
-61,-11,-1004
-47,-15,-1002
-37,-16,-1002
-23,-17,-1002
-17,-20,-1006
-23,-18,-1007
-22,-17,-1012
-39,-13,-1017
-49,-15,-1019
-62,-16,-1018
-72,-13,-1015
-77,-13,-1013
-73,-11,-1007
-63,-12,-1005
-54,-13,-1003
-43,-14,-997
-30,-18,-1004
-28,-19,-1000
-24,-16,-1005
-28,-19,-1008
-33,-17,-1018
-37,-11,-1022
-53,-8,-1013
-74,-9,-1007
-79,-17,-1011
-77,-22,-1020
-88,-21,-1027
-82,-11,-1015
-75,-3,-997
-52,-2,-991
-14,-7,-995
-6,-12,-999
1,-22,-1001
-10,-24,-994
-26,-21,-997
-28,-21,-1007
-44,-16,-1012
-59,-10,-1016
-92,-5,-1010
-96,-7,-1013
-93,-10,-1022
-73,-12,-1029
-62,-12,-1017
-65,-12,-998
-37,-18,-999
-14,-19,-1004
-3,-22,-1008
-5,-17,-999
-26,-13,-993
-36,-14,-1005
-39,-16,-1018
-61,-13,-1024
-73,-9,-1023
-106,-10,-1012
-86,-10,-1019
-75,-12,-1011
-65,-12,-1005
-55,-12,-993
-44,-17,-997
-8,-23,-1008
-8,-21,-1006
-7,-15,-1004
-18,-10,-998
-31,-8,-996
-41,-9,-999
-62,-13,-1003
-75,-16,-1013
-93,-19,-1015
-91,-19,-1018
-79,-18,-1028
-57,-15,-1029
-40,-12,-1033
-21,-10,-1026
-10,-9,-1013
-14,-10,-1001
-21,-18,-991
-37,-22,-983
-51,-25,-983
-63,-24,-984
-74,-15,-988
-73,-13,-1005
-70,-6,-1011
-66,-3,-1018
-58,-6,-1024
-51,-9,-1026
-44,-16,-1029
-35,-24,-1030
-29,-25,-1020
-24,-23,-1009
-23,-19,-1004
-27,-13,-999
-34,-10,-994
-50,-9,-993
-67,-8,-990
-70,-14,-996
-77,-17,-1001
-79,-18,-1006
-68,-17,-1007
-53,-19,-1014
-33,-13,-1021
-23,-12,-1024
-13,-10,-1027
-15,-15,-1022
-30,-18,-1011
-37,-21,-1009
-56,-19,-996
-66,-18,-992
-74,-18,-991
-75,-12,-993
-72,-11,-996
-62,-9,-997
-53,-10,-1007
-41,-14,-1013
-31,-17,-1019
-24,-17,-1023
-22,-19,-1028
-25,-20,-1023
-31,-16,-1018
-43,-13,-1015
-53,-11,-1009
-63,-10,-1005
-73,-10,-998
-72,-14,-999
-72,-16,-993
-62,-18,-996
-50,-19,-1003
-38,-16,-1008
-26,-16,-1014
-19,-16,-1016
-21,-13,-1018
-25,-15,-1024
-39,-17,-1021
-50,-15,-1016
-61,-16,-1014
-72,-15,-1008
-72,-14,-1001
-69,-16,-1000
-59,-14,-995
-46,-12,-998
-37,-13,-1004
-28,-14,-1000
-20,-18,-1007
-18,-16,-1016
-26,-16,-1020
-40,-16,-1020
-51,-18,-1020
-60,-15,-1018
-65,-12,-1018
-68,-11,-1012
-67,-12,-1007
-60,-11,-1001
-51,-16,-998
-42,-14,-1000
-33,-18,-1003
-26,-20,-1003
-21,-16,-1004
-25,-16,-1007
-31,-15,-1011
-41,-13,-1010
-52,-9,-1009
-59,-15,-1001
-70,-14,-1000
-64,-17,-997
-60,-19,-1008
-55,-17,-1013
-38,-18,-1020
-27,-15,-1029
-18,-16,-1034
-18,-17,-1034
-18,-17,-1031
-29,-18,-1019
-40,-17,-1012
-50,-12,-1005
-60,-17,-993
-69,-15,-987
-66,-15,-987
-61,-16,-980
-57,-15,-983
-46,-17,-992
-37,-17,-996
-27,-16,-1012
-16,-16,-1023
-22,-15,-1031
-26,-17,-1034
-37,-13,-1033
-46,-15,-1032
-56,-15,-1026
-67,-12,-1014
-70,-13,-1002
-68,-16,-995
-60,-16,-988
-49,-16,-984
-40,-16,-981
-29,-17,-987
-22,-15,-994
-22,-17,-1001
-22,-15,-1016
-33,-15,-1024
-44,-16,-1029
-54,-16,-1034
-62,-13,-1028
-71,-11,-1023
-69,-13,-1014
-66,-12,-1011
-55,-13,-1002
-44,-16,-992
-36,-17,-989
-27,-16,-986
-22,-15,-987
-23,-15,-999
-28,-18,-1003
-35,-14,-1007
-47,-17,-1019
-59,-12,-1022
-64,-13,-1028
-67,-14,-1030
-68,-12,-1022
-59,-15,-1019
-49,-15,-1013
-42,-14,-1007
-30,-16,-1003
-25,-18,-994
-23,-19,-992
-29,-18,-992
-33,-17,-997
-40,-17,-1002
-51,-13,-1010
-62,-12,-1015
-65,-12,-1020
-65,-12,-1023
-65,-15,-1024
-57,-18,-1018
-45,-16,-1016
-36,-17,-1012
-31,-15,-1007
-24,-17,-1000
-26,-16,-994
-32,-14,-995
-36,-16,-993
-49,-15,-994
-57,-14,-999
-65,-13,-1001
-66,-17,-1011
-64,-15,-1014
-60,-17,-1015
-42,-15,-1023
-39,-17,-1024
-29,-17,-1021
-23,-16,-1024
-24,-16,-1014
-26,-18,-1009
-39,-18,-1005
-46,-16,-996
-57,-16,-997
-59,-15,-997
-63,-13,-994
-64,-15,-998
-60,-15,-1001
-50,-16,-1008
-42,-16,-1013
-34,-14,-1019
-26,-17,-1023
-27,-16,-1023
-25,-18,-1022
-32,-17,-1017
-41,-15,-1009
-47,-14,-1008
-58,-15,-1001
-62,-14,-998
-63,-15,-998
-63,-14,-996
-56,-16,-996
-48,-15,-1001
-37,-16,-1007
-31,-14,-1012
-23,-16,-1014
-25,-16,-1017
-28,-15,-1019
-36,-15,-1018
-44,-15,-1013
-55,-16,-1015
-62,-14,-1008
-63,-14,-1007
-62,-15,-1004
-53,-13,-1004
-46,-14,-1004
-39,-17,-1007
-25,-16,-1009
-23,-14,-1009
-22,-15,-1014
-25,-17,-1017
-36,-16,-1017
-44,-15,-1016
-51,-15,-1012
-62,-15,-1007
-62,-14,-1007
-62,-15,-1005
-57,-15,-1006
-47,-16,-1003
-39,-16,-1003
-27,-14,-1012
-25,-15,-1009
-25,-18,-1010
-30,-17,-1015
-35,-16,-1013
-44,-18,-1014
-54,-15,-1010
-60,-14,-1010
-61,-16,-1010
-61,-15,-1005
-52,-14,-1006
-50,-15,-1003
-39,-15,-1001
-34,-17,-1007
-30,-18,-1005
-29,-17,-1007
-33,-16,-1007
-37,-15,-1010
-44,-16,-1011
-54,-15,-1010
-57,-13,-1011
-63,-14,-1013
-61,-15,-1010
-57,-14,-1009
-50,-14,-1006
-42,-15,-1006
-34,-15,-1006
-31,-16,-1003
-27,-16,-1005
-30,-16,-1011
-35,-14,-1010
-44,-15,-1012
-53,-15,-1013
-56,-13,-1013
-63,-14,-1013
-63,-14,-1011
-61,-15,-1010
-56,-14,-1012
-46,-17,-1017
-47,-14,-1018
-51,-11,-1025
-88,-6,-1017
-38,-9,-1026
-36,-15,-1010
-59,-14,-990
-18,-23,-987
-39,-21,-974
-26,-21,-977
-37,-15,-979
-46,-12,-986
-52,-10,-999
-68,-9,-1013
-75,-9,-1023
-86,-12,-1030
-80,-13,-1040
-76,-15,-1042
-60,-13,-1032
-37,-15,-1022
-45,-13,-983
-18,-19,-973
-36,-16,-970
-23,-16,-990
-42,-18,-1006
-32,-12,-1040
-57,-12,-1042
-79,-10,-1042
-71,-12,-1035
-87,-12,-1017
-72,-11,-1012
-67,-16,-992
-50,-16,-985
-47,-16,-981
-36,-16,-976
-26,-14,-980
-27,-14,-989
-29,-14,-997
-39,-15,-1013
-53,-16,-1026
-66,-12,-1036
-74,-10,-1038
-76,-12,-1032
-77,-10,-1028
-74,-12,-1014
-64,-14,-1008
-52,-12,-987
-45,-13,-982
-35,-17,-978
-32,-19,-981
-31,-18,-989
-34,-19,-997
-40,-18,-1014
-52,-15,-1022
-60,-12,-1036
-68,-13,-1040
-74,-8,-1036
-76,-10,-1027
-69,-14,-1015
-62,-11,-1009
-60,-13,-986
-43,-15,-979
-34,-18,-969
-40,-18,-970
-26,-19,-974
-43,-14,-986
-36,-18,-1002
-43,-17,-1012
-45,-8,-1017
-85,-66,-1006
-111,-54,-1021
48,-44,-1067
-40,-37,-1024
-14,-26,-1015
3,-10,-993
-57,-8,-955
-84,-11,-949
-85,-22,-954
-113,-27,-961
-81,-30,-992
-70,-28,-1025
-41,-24,-1070
-17,-23,-1084
-6,-15,-1081
4,-14,-1072
-16,-12,-1045
-20,-15,-1017
-42,-18,-991
-53,-24,-964
-68,-28,-945
-67,-27,-942
-61,-25,-955
-50,-19,-977
-26,-19,-1006
-16,-15,-1032
-38,-104,-1055
-102,-25,-1061
-96,-50,-1064
-118,-52,-1046
-123,-36,-1026
-151,-49,-989
-151,-8,-965
-144,8,-954
-140,8,-948
-117,-39,-952
-96,-19,-966
-69,28,-992
-26,25,-1035
34,80,-1062
72,-22,-1085
94,-26,-1090
123,-31,-1078
133,-35,-1049
138,-36,-1014
101,-33,-978
65,-30,-952
30,-28,-942
4,-23,-946
-21,-28,-953
-61,-25,-978
-92,-17,-1013
-118,-13,-1047
-114,-14,-1075
-91,-18,-1077
-57,-21,-1063
-29,-23,-1045
-57,-21,-1019
-48,-22,-973
-53,-24,-954
-58,-22,-941
-43,-20,-949
-53,-16,-968
-34,-19,-988
-40,-20,-1008
-45,-21,-1035
-41,-22,-1067
-30,-20,-1074
-21,-25,-1063
-12,-22,-1040
0,-25,-1018
-4,-20,-997
-32,-18,-972
-62,-22,-955
-63,-20,-948
-33,-28,-957
-10,-24,-972
33,-22,-1011
22,-25,-1044
8,-23,-1074
15,-25,-1083
8,-24,-1066
5,-22,-1056
-23,-16,-1023
-41,-18,-998
-35,-15,-968
-17,-22,-947
-28,-23,-934
-32,-26,-934
-58,-26,-955
-81,-21,-981
-87,-18,-1019
-92,-12,-1057
-64,-13,-1087
-42,-4,-1086
-56,-25,-1070
-36,-19,-1041
-2,-26,-1008
9,-25,-975
2,-24,-954
-20,-28,-943
-37,-17,-951
-63,-22,-965
-78,-15,-986
-45,-18,-1020
-34,-18,-1050
-28,-19,-1069
-43,-16,-1076
-39,-16,-1070
-39,-23,-1051
-11,-19,-1036
2,-23,-1012
14,-23,-993
12,-22,-973
-1,-19,-961
0,-17,-957
-26,-16,-947
-52,-18,-948
-30,-16,-969
-33,-18,-980
-52,-15,-997
-40,-14,-1020
-51,-14,-1034
-44,-15,-1055
-52,-14,-1056
-51,-13,-1054
-52,-13,-1042
-50,-15,-1024
-41,-16,-1003
-41,-16,-978
-41,-15,-967
-44,-16,-966
-48,-17,-962
-46,-17,-971
-48,-17,-983
-45,-14,-1001
-43,-13,-1015
-36,-14,-1035
-35,-13,-1040
-36,-17,-1036
-34,-18,-1029
-32,-19,-1021
-28,-21,-1013
31,-20,-1003
28,-23,-982
17,-17,-973
13,-17,-966
-26,-17,-962
-37,-18,-971
-49,-20,-982
-51,-21,-1004
-39,-23,-1033
-45,-21,-1062
-19,-23,-1090
-11,-22,-1096
18,-23,-1089
33,-21,-1060
31,-24,-1019
14,-22,-976
-21,-18,-938
-44,-24,-930
-58,-26,-926
-64,-23,-952
-70,-18,-987
-70,-15,-1029
-73,-16,-1065
-77,-16,-1087
-78,-14,-1097
-82,-13,-1080
-89,-16,-1036
-94,-17,-996
-95,-17,-958
-93,-22,-937
-72,-23,-930
-43,-23,-943
-27,-20,-956
-42,-15,-991
-36,-14,-1024
-43,-17,-1069
-44,-18,-1089
-35,-22,-1084
-21,-22,-1067
-10,-20,-1032
-8,-22,-996
-9,-21,-966
-15,-24,-945
-15,-25,-936
-17,-23,-946
-20,-26,-974
-15,-23,-1006
-18,-22,-1037
-20,-22,-1069
-27,-19,-1081
-35,-19,-1078
-44,-17,-1060
-56,-17,-1021
-53,-18,-987
-48,-18,-961
-32,-22,-946
-18,-24,-939
-15,-25,-954
-9,-20,-980
-11,-24,-1005
7,-23,-1035
19,-22,-1066
17,-21,-1084
20,-22,-1082
11,-23,-1062
13,-23,-1037
9,-21,-1003
4,-23,-973
1,-21,-956
-4,-24,-941
-3,-23,-942
-11,-26,-951
-12,-27,-976
-16,-25,-1008
-25,-21,-1041
-29,-21,-1068
-35,-21,-1081
-35,-25,-1074
-43,-22,-1046
-45,-22,-1018
-47,-21,-988
-54,-19,-961
-56,-16,-944
-62,-21,-944
-61,-22,-959
-68,-22,-984
-72,-19,-1016
-73,-17,-1045
-68,-15,-1068
-71,-14,-1070
-75,-17,-1061
-82,-18,-1039
-81,-20,-1008
-82,-20,-978
-75,-22,-961
-70,-22,-947
-61,-17,-954
-37,-18,-975
-23,-18,-998
-7,-21,-1022
1,-22,-1044
1,-24,-1056
-3,-25,-1064
-12,-25,-1063
-27,-24,-1051
-42,-21,-1019
-53,-21,-989
-60,-17,-966
-60,-16,-960
-53,-17,-960
-46,-19,-969
-38,-22,-986
-27,-23,-1008
-15,-27,-1035
-9,-25,-1051
-12,-24,-1059
-16,-20,-1054
-26,-17,-1043
-39,-16,-1019
-52,-16,-990
-65,-19,-966
-86,-22,-957
-105,-22,-955
-114,-20,-965
-107,-16,-990
-77,-14,-1024
-55,-12,-1046
-14,-18,-1061
1,-18,-1060
12,-24,-1053
19,-30,-1032
16,-34,-1007
15,-33,-986
5,-29,-975
3,-25,-961
0,-26,-961
-5,-16,-965
-10,-16,-983
-18,-14,-1000
-25,-18,-1022
-38,-22,-1042
-48,-23,-1055
-51,-26,-1053
-48,-23,-1036
-41,-20,-1024
-30,-18,-1003
-22,-18,-984
-17,-18,-971
-16,-19,-967
-19,-22,-975
-26,-23,-989
-30,-26,-1008
-36,-21,-1023
-41,-19,-1042
-41,-18,-1050
-42,-17,-1049
-41,-17,-1036
-37,-19,-1018
-34,-21,-999
-37,-28,-983
-71,-21,-975
-71,-21,-966
-68,-17,-975
-68,-16,-984
-60,-13,-1004
-61,-15,-1025
-52,-16,-1043
-55,-20,-1042
-44,-22,-1044
-35,-19,-1034
-24,-20,-1016
-15,-20,-998
-5,-21,-986
-1,-23,-977
4,-20,-972
5,-26,-977
5,-22,-986
8,-28,-996
4,-26,-1015
-3,-25,-1029
-7,-22,-1041
-17,-20,-1049
-24,-16,-1043
-32,-17,-1029
-37,-17,-1018
-41,-18,-994
-44,-20,-983
-43,-22,-973
-39,-24,-974
-33,-23,-981
-26,-23,-996
-18,-23,-1010
-17,-21,-1030
-20,-19,-1040
-24,-17,-1047
-34,-17,-1036
-40,-16,-1031
-49,-16,-1011
-51,-21,-992
-45,-21,-980
-33,-25,-974
-29,-23,-976
-23,-25,-984
-22,-23,-1000
-21,-20,-1012
-21,-19,-1031
-31,-17,-1038
-35,-19,-1040
-44,-19,-1036
-49,-20,-1022
-49,-22,-1005
-42,-21,-990
-36,-21,-981
-26,-20,-980
-19,-19,-984
-17,-20,-994
-18,-24,-1003
-21,-21,-1021
-27,-22,-1034
-36,-21,-1039
-44,-18,-1034
-46,-17,-1025
-48,-17,-1014
-31,-19,-1002
-24,-22,-992
-28,-23,-982
-27,-22,-987
-31,-23,-985
-32,-23,-999
-31,-21,-1010
-25,-21,-1023
-25,-17,-1037
-18,-21,-1035
-12,-19,-1031
-6,-25,-1023
-1,-25,-1015
6,-26,-1000
11,-25,-994
12,-27,-990
15,-24,-988
15,-24,-992
6,-22,-999
-1,-23,-1005
-11,-23,-1019
-18,-25,-1023
-26,-25,-1030
-34,-21,-1028
-36,-20,-1028
-36,-18,-1014
-38,-16,-1001
-42,-21,-995
-46,-20,-988
-52,-20,-990
-57,-20,-991
-56,-18,-999
-62,-21,-1012
-64,-19,-1019
-63,-16,-1026
-68,-18,-1030
-71,-13,-1027
-77,-16,-1017
-73,-16,-1010
-73,-17,-999
-74,-20,-989
-72,-21,-986
-62,-21,-991
-42,-24,-995
-30,-22,-1002
-38,-19,-1015
-36,-16,-1021
-39,-18,-1027
-44,-19,-1030
-41,-22,-1022
-38,-21,-1017
-35,-23,-1010
-35,-21,-998
-31,-21,-992
-28,-22,-992
-24,-20,-993
-21,-22,-1000
-16,-22,-1010
-18,-24,-1015
-17,-25,-1022
-14,-22,-1028
-13,-25,-1027
-8,-23,-1025
-11,-20,-1016
-14,-21,-1007
-25,-21,-999
-33,-21,-993
-48,-20,-994
-53,-21,-991
-54,-22,-1002
-50,-20,-1010
-40,-21,-1014
-28,-20,-1027
-19,-21,-1026
-24,-20,-1021
-43,-20,-1012
-42,-20,-1006
-43,-21,-999
-44,-23,-996
-37,-23,-995
-28,-21,-997
-20,-23,-995
-21,-23,-1008
-22,-22,-1014
-29,-17,-1023
-32,-21,-1022
-36,-19,-1023
-37,-22,-1020
-37,-20,-1010
-36,-19,-1003
-35,-22,-1000
-28,-20,-993
-25,-20,-995
-25,-23,-999
-20,-19,-1004
-21,-24,-1009
-23,-23,-1021
-27,-23,-1019
-28,-21,-1027
-32,-18,-1021
-36,-21,-1014
-41,-18,-1008
-43,-23,-1000
-42,-21,-1000
-38,-20,-995
-32,-24,-1000
-24,-21,-1004
-20,-23,-1008
-19,-22,-1016
-21,-19,-1023
-28,-18,-1020
-34,-20,-1021
-42,-19,-1015
-44,-20,-1008
-48,-18,-1005
-44,-21,-1001
-36,-20,-999
-31,-23,-999
-24,-23,-1005
-23,-22,-1010
-39,-19,-1012
-29,-19,-1020
-29,-21,-1020
-26,-18,-1016
-28,-21,-1014
-28,-19,-1008
-31,-23,-1007
-35,-22,-1005
-47,-22,-998
-57,-17,-996
-69,-17,-998
-70,-15,-1001
-68,-16,-1008
-67,-17,-1009
-61,-20,-1017
-61,-19,-1019
-57,-20,-1016
-55,-21,-1016
-51,-20,-1010
-43,-21,-1008
-25,-22,-1004
-21,-20,-1002
-16,-23,-1001
-8,-22,-1003
-1,-24,-1009
5,-27,-1013
8,-24,-1017
6,-23,-1018
1,-25,-1016
-5,-22,-1017
-7,-23,-1017
-3,-20,-1010
-5,-19,-1008
-12,-20,-1004
-24,-21,-1000
-37,-22,-1002
-39,-23,-1005
-26,-24,-1004
-29,-22,-1011
-24,-22,-1015
-31,-19,-1017
-30,-19,-1016
-32,-20,-1015
-26,-20,-1014
-24,-22,-1008
-22,-23,-1003
-21,-23,-1002
-20,-24,-1002
-20,-24,-1005
-27,-21,-1005
-31,-22,-1011
-36,-21,-1011
-39,-19,-1016
-38,-19,-1016
-36,-18,-1019
-34,-21,-1012
-33,-21,-1010
-29,-21,-1002
-34,-21,-1005
-36,-23,-1001
-40,-22,-1003
-42,-19,-1006
-46,-19,-1006
-52,-19,-1014
-51,-18,-1011
-50,-18,-1019
-47,-19,-1016
-46,-19,-1012
-41,-21,-1014
-34,-22,-1010
-27,-21,-998
-22,-21,-1003
-17,-22,-1006
-17,-21,-1004
-22,-20,-1009
-28,-20,-1008
-35,-18,-1012
-45,-19,-1012
-48,-19,-1016
-49,-19,-1013
-45,-21,-1014
-36,-22,-1011
-30,-22,-1009
-20,-22,-1007
-17,-23,-1006
-17,-23,-1005
-21,-24,-1004
-27,-20,-1005
-33,-19,-1010
-42,-19,-1010
-46,-17,-1014
-49,-20,-1013
-46,-18,-1014
-40,-21,-1010
-35,-19,-1009
-22,-24,-1006
-18,-19,-1007
-16,-21,-1006
-19,-21,-1006
-24,-22,-1010
-30,-21,-1005
-39,-19,-1011
-43,-17,-1013
-43,-19,-1009
-48,-17,-1009
-43,-20,-1010
-37,-20,-1008
-29,-21,-1009
-21,-23,-1007
-21,-21,-1008
-18,-22,-1010
-19,-20,-1008
-26,-21,-1009
-34,-19,-1008
-42,-21,-1010
-47,-19,-1009
-44,-21,-1009
-41,-20,-1010
-38,-22,-1009
-30,-22,-1013
-23,-24,-1011
-19,-21,-1008
-21,-21,-1009
-22,-22,-1011
-28,-20,-1005
-34,-18,-1007
-43,-20,-1007
-47,-20,-1010
-45,-20,-1005
-44,-21,-1009
-37,-20,-1008
-29,-20,-1012
-23,-20,-1009
-18,-21,-1011
-20,-22,-1009
-24,-23,-1008
-28,-23,-1005
-33,-20,-1009
2,-24,-1007
3,-27,-1009
0,-23,-1006
8,-24,-1015
-3,-23,-1015
-8,-24,-1015
-24,-20,-1013
-37,-22,-1010
-47,-18,-1006
-53,-18,-1007
-53,-18,-1004
-57,-16,-1007
-57,-17,-1008
-61,-18,-1004
-65,-17,-1007
-66,-19,-1009
-65,-20,-1014
-61,-18,-1009
-47,-21,-1017
-33,-20,-1014
-14,-20,-1008
-8,-20,-1009
-9,-22,-1008
-14,-22,-1004
-22,-24,-1004
-31,-22,-1004
-40,-22,-1006
-48,-18,-1008
-51,-18,-1012
-49,-20,-1015
-43,-19,-1015
-36,-21,-1016
-26,-22,-1013
-18,-22,-1012
-14,-22,-1009
-16,-20,-1005
-22,-19,-1006
-28,-23,-1004
-38,-19,-1005
-45,-20,-1004
-50,-20,-1011
-51,-18,-1014
-46,-18,-1017
-36,-18,-1017
-26,-20,-1015
-20,-21,-1011
-17,-23,-1010
-14,-23,-1006
-20,-23,-1002
-28,-23,-1000
-37,-20,-1003
-42,-22,-1006
-48,-20,-1010
-44,-20,-1016
-40,-22,-1017
-37,-20,-1020
-30,-20,-1019
-24,-24,-1015
-19,-20,-1014
-20,-21,-1006
-25,-23,-998
-30,-22,-1000
-35,-18,-997
-42,-22,-1003
-46,-20,-1004
-42,-20,-1015
-42,-19,-1016
-37,-21,-1021
-30,-19,-1020
-25,-22,-1021
-23,-22,-1011
-25,-21,-1010
-24,-21,-1002
-28,-21,-1002
-34,-21,-998
-38,-20,-997
-40,-17,-1003
-40,-22,-1010
-40,-20,-1016
-33,-20,-1023
-32,-20,-1023
-28,-20,-1022
-24,-19,-1019
-25,-19,-1010
-26,-21,-1003
-31,-22,-997
-34,-21,-992
-41,-23,-999
-42,-20,-999
-41,-20,-1008
-38,-20,-1011
-34,-22,-1021
-29,-18,-1021
-25,-19,-1026
-27,-20,-1024
-25,-21,-1012
-30,-20,-1005
-35,-23,-999
-36,-25,-996
-37,-24,-999
-36,-23,-1001
-34,-20,-1003
-33,-22,-1016
-30,-20,-1019
-29,-17,-1021
-27,-19,-1022
-33,-23,-1017
-35,-22,-1012
-36,-22,-1003
-36,-21,-998
-35,-21,-1000
-34,-19,-997
-34,-19,-999
-29,-19,-1002
-26,-21,-1010
-29,-17,-1014
-31,-20,-1017
-36,-24,-1018
-39,-24,-1020
-36,-25,-1019
-32,-25,-1013
-28,-22,-1012
-24,-20,-1006
-24,-18,-1001
-27,-19,-999
-30,-23,-999
-35,-19,-1004
-41,-19,-1005
-42,-20,-1010
-43,-19,-1017
-41,-18,-1017
-41,-20,-1019
-36,-22,-1017
-30,-22,-1014
-25,-22,-1008
-25,-24,-1007
-24,-24,-1001
-25,-23,-998
-26,-24,-1005
-30,-21,-1004
-34,-21,-1012
-36,-20,-1016
-42,-19,-1015
-41,-17,-1017
-40,-23,-1019
-35,-20,-1024
-41,-22,-1003
-24,-42,-995
-37,-42,-993
-4,-29,-999
-25,-36,-997
-6,-17,-1008
-21,-21,-1015
-29,-15,-1016
-41,-13,-1021
-63,-27,-1020
-60,-19,-1021
-67,-28,-1014
-45,-19,-1010
-34,-27,-1005
-9,-18,-1001
-4,-23,-1003
3,-17,-1004
-5,-19,-1004
-17,-20,-1006
-33,-21,-1009
-50,-24,-1012
-56,-21,-1014
-63,-19,-1018
-60,-17,-1018
-48,-18,-1019
-31,-18,-1015
-20,-19,-1007
-12,-21,-1006
-8,-24,-998
-11,-26,-1002
-15,-25,-995
-25,-25,-1003
-33,-19,-1006
-47,-18,-1014
-56,-15,-1017
-56,-16,-1018
-51,-19,-1018
-42,-19,-1017
-31,-19,-1009
-20,-23,-1009
-13,-25,-1005
-9,-23,-1004
-9,-22,-1001
-20,-21,-999
-28,-20,-1005
-43,-21,-1009
-52,-18,-1010
-57,-18,-1020
-56,-22,-1019
-48,-21,-1023
-39,-21,-1017
-21,-20,-1014
-12,-21,-1008
-9,-22,-1003
-12,-22,-997
-17,-22,-995
-27,-20,-1003
-37,-19,-1004
-47,-21,-1009
-54,-18,-1017
-55,-16,-1017
-48,-20,-1019
-38,-23,-1020
-27,-24,-1014
-16,-24,-1011
-8,-23,-1008
-8,-21,-1002
-12,-24,-999
-21,-19,-998
-33,-20,-998
-42,-3,-1014
-64,-34,-1006
-54,-9,-1008
-66,-26,-1009
-49,-18,-1015
-29,-24,-1015
-12,-16,-1017
0,-19,-1014
-5,-22,-1011
2,-17,-1006
-14,-20,-999
-30,-20,-1000
-49,-23,-997
-62,-22,-1004
-63,-19,-1008
-63,-22,-1007
-46,-19,-1016
-36,-19,-1019
-14,-17,-1022
-9,-23,-1020
-1,-19,-1016
-7,-23,-1009
-15,-24,-1001
-29,-22,-997
-42,-20,-1000
-53,-17,-999
-58,-19,-999
-57,-15,-1007
-54,-20,-1014
-39,-20,-1021
-25,-21,-1025
-17,-21,-1030
-9,-23,-1020
-9,-23,-1013
-12,-21,-1004
-24,-20,-995
-34,-20,-992
-47,-20,-992
-53,-17,-997
-58,-18,-1004
-55,-21,-1011
-44,-20,-1018
-31,-19,-1024
-19,-20,-1030
-12,-21,-1027
-10,-22,-1018
-15,-21,-1010
-22,-21,-996
-32,-22,-991
-40,-19,-989
-47,-18,-998
-52,-21,-1001
-52,-18,-1006
-44,-20,-1018
-34,-20,-1022
-24,-20,-1023
-18,-22,-1023
-17,-22,-1017
-16,-20,-1013
-22,-23,-1008
-29,-26,-1000
-36,-24,-994
-42,-25,-1000
-45,-19,-1001
-42,-20,-1007
-39,-16,-1016
-35,-15,-1020
-32,-17,-1020
-26,-18,-1019
-28,-23,-1019
-25,-25,-1014
-28,-26,-1007
-27,-24,-999
-27,-22,-996
-29,-19,-996
-32,-16,-999
-38,-18,-1003
-40,-17,-1009
-44,-20,-1017
-41,-20,-1020
-38,-26,-1024
-33,-24,-1023
-27,-22,-1016
-21,-22,-1013
-19,-20,-1005
-20,-19,-1000
-26,-19,-999
-31,-22,-999
-37,-21,-995
-44,-19,-1003
-47,-22,-1012
-43,-21,-1016
-36,-22,-1022
-29,-19,-1016
-26,-20,-1018
-20,-20,-1020
-22,-21,-1012
-23,-21,-1005
-31,-25,-1002
-32,-22,-1002
-36,-21,-1001
-31,-18,-1000
-31,-19,-1010
-33,-16,-1015
-31,-20,-1018
