,1019
47,-40,1020
47,-39,1015
46,-38,1018
47,-38,1016
41,-39,1018
39,-39,1019
40,-41,1022
41,-41,1025
41,-39,1028
44,-42,1026
42,-44,1026
44,-42,1028
46,-39,1024
46,-38,1020
46,-40,1019
47,-42,1015
45,-40,1013
45,-40,1014
45,-40,1014
42,-38,1015
39,-38,1019
40,-39,1018
39,-40,1021
39,-41,1026
41,-42,1024
41,-41,1031
43,-39,1030
46,-40,1029
47,-42,1026
50,-42,1025
45,-40,1020
46,-42,1018
44,-39,1020
40,-37,1013
40,-39,1013
39,-39,1015
38,-40,1012
40,-39,1017
40,-40,1019
42,-40,1023
45,-44,1027
47,-41,1030
47,-41,1030
50,-39,1031
47,-41,1026
47,-38,1028
46,-41,1022
46,-41,1020
41,-40,1011
41,-40,1015
40,-40,1017
37,-39,1017
39,-38,1016
37,-40,1016
43,-41,1021
46,-42,1026
45,-42,1028
48,-42,1034
48,-42,1028
44,-42,1031
46,-42,1029
45,-39,1022
40,-39,1020
40,-37,1016
40,-39,1014
41,-40,1012
42,-38,1017
39,-42,1013
45,-40,1019
42,-41,1019
43,-39,1028
46,-38,1029
46,-41,1028
45,-42,1030
47,-41,1028
42,-41,1030
43,-43,1027
43,-41,1024
41,-42,1018
40,-44,1017
40,-39,1016
42,-39,1014
44,-40,1012
43,-39,1015
46,-42,1021
46,-42,1022
45,-41,1024
48,-42,1027
45,-40,1026
45,-40,1030
46,-39,1030
43,-41,1030
41,-41,1027
42,-40,1024
44,-41,1017
41,-40,1019
43,-41,1016
43,-43,1017
42,-41,1016
44,-42,1017
42,-41,1018
43,-39,1021
45,-41,1027
41,-41,1024
44,-42,1027
42,-42,1024
43,-41,1026
42,-41,1024
43,-38,1022
41,-41,1024
42,-40,1019
41,-38,1022
43,-40,1015
44,-39,1018
44,-39,1017
44,-42,1017
44,-43,1018
47,-42,1023
43,-40,1024
43,-42,1024
43,-37,1026
41,-37,1030
43,-37,1024
44,-37,1024
44,-40,1023
44,-42,1026
48,-42,1022
46,-43,1019
48,-42,1016
42,-42,1017
41,-42,1015
42,-40,1013
40,-40,1017
41,-38,1027
42,-39,1023
41,-39,1024
41,-42,1025
46,-41,1021
44,-42,1018
44,-42,1020
46,-40,1020
43,-39,1015
43,-38,1018
42,-38,1021
41,-39,1027
45,-42,1030
44,-44,1032
40,-44,1033
40,-42,1026
40,-42,1030
41,-45,1030
43,-41,1033
41,-42,1030
40,-42,1028
47,-42,1026
38,-41,1021
44,-43,1022
45,-41,1020
44,-39,1014
41,-40,1015
41,-41,1012
37,-38,1009
34,-38,1011
26,-37,1017
23,-36,1018
30,-43,1025
29,-44,1028
38,-44,1035
47,-45,1036
49,-41,1033
62,-41,1030
59,-40,1032
62,-40,1024
63,-37,1016
62,-39,1011
60,-41,1010
57,-43,1003
48,-44,1005
38,-44,1015
35,-41,1017
34,-41,1020
40,-38,1028
39,-39,1033
39,-36,1035
40,-38,1038
37,-43,1033
36,-44,1027
39,-44,1026
37,-44,1022
38,-45,1017
41,-42,1015
42,-38,1013
41,-34,1011
47,-33,1011
42,-34,1019
41,-37,1017
40,-43,1024
38,-43,1027
39,-46,1027
43,-45,1031
44,-46,1032
49,-43,1030
51,-40,1031
51,-37,1024
52,-35,1019
48,-37,1016
51,-40,1013
49,-40,1009
44,-43,1010
40,-44,1010
36,-44,1012
32,-42,1016
33,-39,1025
36,-35,1031
35,-40,1031
40,-38,1035
51,-38,1035
49,-32,1030
53,-43,1030
59,-45,1023
56,-45,1017
52,-40,1010
46,-39,1014
41,-36,1010
35,-33,1011
37,-38,1014
36,-33,1012
34,-39,1021
32,-40,1023
34,-45,1028
40,-42,1033
50,-45,1035
54,-42,1033
53,-44,1035
50,-39,1029
47,-38,1022
46,-40,1022
46,-40,1018
42,-42,1009
42,-39,1014
37,-40,1007
37,-39,1010
37,-39,1013
36,-39,1018
37,-40,1025
45,-38,1024
45,-39,1031
44,-40,1032
45,-41,1032
43,-41,1035
43,-42,1034
41,-42,1029
37,-43,1024
37,-40,1022
40,-37,1014
42,-36,1011
50,-38,1009
55,-40,1007
52,-41,1010
59,-42,1007
50,-42,1012
51,-44,1018
49,-41,1025
40,-40,1029
45,-39,1033
35,-39,1038
33,-37,1039
36,-41,1035
34,-42,1031
39,-41,1027
45,-43,1018
46,-44,1012
48,-41,1008
46,-40,1006
45,-37,1007
46,-38,1010
47,-39,1012
47,-41,1019
44,-42,1026
46,-41,1029
45,-42,1026
44,-44,1030
45,-43,1027
46,-42,1026
42,-42,1027
47,-41,1027
41,-40,1024
42,-39,1023
44,-39,1024
40,-42,1024
38,-43,1017
39,-42,1022
35,-41,1016
38,-40,1016
38,-39,1017
40,-39,1016
42,-40,1013
44,-39,1022
43,-40,1022
47,-43,1028
50,-42,1024
44,-43,1024
45,-42,1020
45,-42,1022
40,-41,1018
40,-41,1023
40,-40,1025
36,-42,1030
38,-41,1028
41,-43,1029
40,-43,1025
41,-43,1021
44,-42,1021
42,-40,1019
45,-43,1022
47,-41,1017
44,-40,1021
47,-40,1021
43,-38,1022
42,-42,1025
42,-44,1022
38,-40,1022
42,-40,1024
37,-42,1020
36,-41,1020
45,-42,1020
40,-38,1020
41,-41,1022
48,-42,1023
42,-40,1024
45,-40,1025
47,-44,1027
38,-41,1020
42,-41,1023
45,-42,1022
38,-40,1020
43,-41,1025
40,-42,1025
38,-41,1030
44,-40,1022
37,-40,1025
38,-36,1023
44,-42,1019
40,-43,1019
45,-42,1023
46,-41,1023
45,-42,1021
44,-42,1020
45,-40,1020
41,-39,1022
42,-38,1019
41,-39,1021
41,-40,1022
41,-42,1027
42,-43,1028
43,-43,1029
41,-42,1031
43,-43,1022
39,-41,1021
43,-38,1018
44,-40,1021
42,-42,1017
45,-40,1022
43,-43,1023
44,-43,1023
42,-41,1019
43,-39,1021
40,-42,1018
41,-40,1019
44,-41,1018
39,-40,1020
41,-41,1021
44,-42,1018
42,-40,1023
44,-44,1022
46,-42,1021
43,-41,1023
45,-39,1024
39,-40,1024
42,-41,1021
42,-41,1021
40,-41,1021
41,-40,1022
44,-43,1022
39,-42,1017
44,-42,1018
43,-42,1017
42,-40,1019
42,-40,1022
44,-42,1019
41,-38,1019
46,-40,1023
43,-42,1020
38,-41,1021
44,-41,1023
42,-40,1024
40,-42,1023
46,-43,1023
42,-42,1022
45,-43,1026
46,-39,1024
42,-40,1019
43,-41,1020
43,-40,1021
41,-42,1019
44,-43,1023
43,-40,1020
40,-39,1021
42,-40,1023
42,-41,1020
41,-41,1024
43,-42,1023
45,-40,1029
45,-42,1025
45,-41,1024
42,-39,1020
45,-40,1016
45,-38,1016
45,-39,1011
45,-40,1019
44,-39,1014
42,-41,1017
38,-42,1021
44,-40,1024
42,-43,1028
40,-40,1027
43,-41,1026
40,-41,1024
44,-41,1024
42,-41,1025
44,-41,1024
46,-40,1022
38,-40,1022
33,-41,1022
35,-38,1016
28,-40,1018
34,-40,1017
32,-42,1021
33,-40,1027
38,-39,1024
34,-36,1025
38,-38,1026
42,-40,1021
40,-41,1023
47,-42,1028
56,-43,1027
50,-42,1035
58,-45,1046
58,-47,1054
50,-41,1057
55,-43,1041
58,-38,1023
62,-36,1007
76,-35,985
73,-38,972
76,-34,964
75,-36,964
68,-35,972
53,-38,989
47,-37,1003
38,-40,1025
25,-40,1050
26,-40,1069
27,-42,1075
28,-41,1075
45,-41,1068
53,-42,1048
60,-40,1032
75,-43,1013
77,-39,988
77,-41,978
73,-37,968
65,-38,972
52,-36,980
49,-37,991
34,-38,1013
27,-38,1035
29,-38,1049
26,-42,1060
34,-41,1070
40,-44,1067
49,-45,1063
63,-42,1049
67,-42,1027
79,-41,1007
77,-37,996
66,-36,984
61,-35,978
56,-34,976
42,-35,982
36,-38,991
32,-38,1013
27,-39,1026
32,-39,1038
30,-40,1043
32,-42,1045
56,-42,1040
48,-41,1034
60,-42,1034
61,-43,1038
39,-39,1032
36,-42,1021
45,-42,1012
51,-40,1001
46,-38,999
57,-38,998
54,-38,1000
46,-39,1010
59,-44,1019
59,-46,1016
35,-43,1019
42,-41,1008
33,-41,1008
34,-37,1006
30,-41,1006
27,-43,1010
28,-46,1022
39,-44,1033
40,-47,1047
31,-49,1056
44,-48,1050
38,-46,1050
45,-49,1048
40,-49,1052
38,-47,1048
37,-48,1040
30,-47,1034
40,-49,1021
35,-44,1010
21,-43,1005
38,-41,996
23,-39,994
23,-43,992
34,-45,991
27,-43,995
28,-49,1000
41,-48,994
25,-46,1013
37,-47,1022
44,-47,1022
35,-44,1029
50,-50,1027
44,-52,1040
49,-55,1043
60,-54,1021
52,-51,1011
59,-58,1033
54,-56,1054
36,-52,1093
25,-53,1117
0,-52,1139
3,-55,1156
10,-63,1199
22,-62,1192
12,-67,1187
39,-61,1154
110,-38,1016
45,-46,933
24,-43,843
106,-31,716
62,20,670
29,8,672
32,-21,717
83,-13,763
58,-32,898
21,-54,999
20,-53,1122
40,-54,1234
49,-64,1290
43,-66,1330
32,-60,1321
62,-58,1245
67,-49,1183
86,-51,1068
98,-46,938
101,-33,851
75,-21,748
34,-5,704
60,-11,700
67,-11,734
19,-16,831
30,-24,910
47,-37,1036
35,-49,1152
34,-56,1211
41,-66,1281
65,-70,1299
72,-67,1276
60,-59,1232
69,-52,1141
79,-38,1035
78,-33,926
79,-27,861
67,-18,774
42,-15,748
43,-13,747
49,-16,779
30,-21,871
37,-28,942
62,-37,1041
49,-49,1139
41,-51,1188
55,-61,1244
75,-64,1254
69,-64,1231
60,-57,1195
70,-49,1118
66,-37,1026
56,-31,945
51,-24,895
40,-19,836
40,-19,817
48,-22,809
47,-22,829
49,-29,881
44,-33,926
28,-36,1012
65,-54,1090
99,-28,1124
61,-39,1179
68,-56,1208
75,-63,1209
65,-55,1181
55,-40,1135
66,-40,1063
54,-47,1015
46,-34,941
42,-18,880
33,-22,857
36,-19,838
49,-15,843
51,-22,876
52,-33,914
58,-41,982
59,-42,1028
65,-50,1096
67,-52,1149
59,-55,1184
58,-53,1197
55,-52,1179
44,-47,1142
32,-42,1087
41,-37,1040
45,-33,970
45,-28,914
47,-29,887
48,-25,863
54,-24,862
64,-28,882
60,-29,913
63,-32,963
62,-37,1003
59,-43,1063
56,-47,1111
41,-47,1143
42,-48,1162
47,-52,1156
34,-49,1141
30,-49,1113
44,-42,1059
44,-36,999
45,-29,961
46,-27,919
52,-26,891
58,-24,883
58,-28,897
57,-31,916
57,-37,966
53,-40,1004
44,-43,1063
45,-47,1114
45,-51,1138
40,-51,1147
36,-48,1140
41,-47,1110
47,-42,1084
56,-40,1035
71,-38,979
64,-35,947
49,-33,914
39,-27,899
42,-27,900
46,-25,924
39,-28,953
39,-34,997
39,-40,1026
33,-44,1072
38,-48,1113
48,-49,1130
61,-52,1139
60,-51,1131
61,-48,1101
61,-43,1076
50,-37,1028
51,-34,978
44,-30,949
37,-30,922
39,-28,907
45,-31,904
43,-34,914
29,-30,950
25,-35,973
28,-36,1022
25,-38,1070
42,-43,1092
69,-47,1109
56,-50,1121
55,-52,1117
58,-47,1106
37,-45,1075
37,-41,1048
61,-40,1017
58,-36,989
37,-31,956
33,-27,940
37,-28,929
43,-31,932
39,-31,944
47,-35,971
53,-40,995
67,-45,1031
70,-43,1049
67,-46,1072
53,-45,1088
54,-45,1094
50,-44,1094
40,-43,1084
34,-42,1066
29,-39,1035
28,-40,1015
34,-40,985
36,-36,968
35,-34,961
34,-31,964
41,-32,962
37,-33,971
26,-31,979
21,-36,1001
28,-38,1014
18,-41,1042
21,-43,1064
37,-45,1081
35,-42,1088
51,-43,1077
57,-43,1069
48,-42,1047
45,-38,1033
47,-36,1005
48,-38,984
52,-39,971
47,-40,965
43,-39,958
38,-36,970
33,-36,992
30,-39,1005
28,-37,1031
30,-39,1054
35,-37,1065
35,-38,1068
36,-40,1064
38,-39,1055
36,-39,1045
37,-44,1035
36,-43,1031
38,-44,1036
49,-44,1025
43,-40,1008
48,-36,989
59,-33,986
51,-35,982
54,-34,986
64,-35,996
53,-38,1001
49,-42,1005
38,-41,1009
32,-40,1015
35,-43,1012
19,-42,1022
24,-40,1020
24,-39,1023
17,-41,1024
30,-38,1022
37,-40,1033
33,-42,1043
57,-46,1048
54,-47,1051
53,-47,1054
66,-51,1050
69,-48,1055
80,-51,1080
95,-51,1097
99,-52,1097
74,-47,1081
67,-45,1055
64,-44,1046
80,-33,1001
41,-38,954
22,-38,920
31,-27,899
37,-28,896
40,-26,898
31,-23,912
18,-24,938
36,-35,984
41,-40,1017
40,-51,1080
68,-52,1102
82,-52,1120
73,-54,1107
51,-49,1098
46,-46,1087
54,-47,1092
48,-44,1105
62,-51,1102
44,-43,1048
20,-32,1010
25,-38,960
15,-36,944
39,-24,925
22,-26,915
8,-26,916
26,-24,926
31,-30,950
18,-34,984
37,-34,1005
22,-38,1035
15,-45,1077
30,-49,1101
45,-49,1123
32,-46,1134
39,-46,1120
40,-49,1106
31,-43,1073
24,-34,1048
79,-31,998
37,-38,982
4,-36,940
12,-23,915
21,-24,904
11,-31,909
10,-29,932
26,-28,954
24,-34,1004
26,-36,1034
43,-39,1072
61,-44,1101
63,-48,1107
38,-47,1114
67,-48,1104
59,-44,1092
36,-40,1077
62,-44,1050
41,-37,1015
24,-32,977
35,-28,952
41,-29,931
34,-29,924
33,-28,934
43,-32,943
48,-36,975
45,-35,997
52,-40,1038
48,-42,1073
55,-45,1077
27,-41,1078
16,-42,1084
42,-45,1086
13,-43,1083
11,-43,1067
10,-39,1047
3,-38,1032
31,-37,1014
25,-31,988
20,-30,977
33,-32,956
38,-33,951
25,-30,954
35,-34,971
36,-38,986
25,-35,1017
24,-38,1029
22,-42,1058
0,-40,1072
-4,-41,1066
-41,-34,1064
-9,-36,1066
53,-49,1083
38,-50,1067
20,-34,1048
27,-37,1019
56,-40,988
47,-39,980
67,-31,960
66,-32,960
61,-33,961
49,-31,965
64,-33,984
49,-39,1005
38,-42,1030
36,-43,1052
39,-43,1080
41,-46,1087
55,-47,1088
55,-47,1083
55,-44,1061
55,-39,1046
47,-34,1018
46,-34,987
45,-34,970
40,-33,957
33,-36,953
19,-34,959
30,-37,980
37,-37,992
43,-39,1020
41,-41,1041
43,-41,1066
37,-42,1080
37,-43,1085
33,-43,1080
24,-43,1065
21,-42,1043
12,-38,1019
1,-36,1001
13,-34,982
10,-33,973
3,-31,964
-1,-34,962
-6,-33,974
-13,-34,984
-23,-35,1010
-19,-38,1035
-22,-42,1056
-31,-43,1077
-55,-45,1082
-74,-43,1078
-65,-41,1065
-54,-41,1053
-67,-43,1029
-50,-51,1002
-62,-44,985
-35,-30,970
-33,-44,970
-25,-44,978
-19,-42,983
-11,-41,999
-15,-45,1022
-38,-63,1041
-50,-62,1054
-55,-60,1062
-71,-60,1063
-101,-64,1049
-132,-56,1038
-113,-68,1023
-105,-73,1015
-98,-75,1006
-106,-73,994
-109,-83,993
-105,-90,992
-110,-94,1007
-102,-92,1014
-102,-85,1026
-81,-92,1045
-84,-98,1048
-81,-105,1048
-96,-109,1040
-105,-105,1029
-87,-118,1020
-100,-116,1007
-104,-120,999
-119,-121,995
-123,-128,997
-115,-145,991
-87,-154,987
-87,-160,1007
-45,-163,1018
-95,-170,1045
-53,-189,1066
-59,-198,1087
-52,-197,1085
-34,-197,1057
-16,-196,1031
-31,-194,1004
-27,-196,981
-7,-198,967
15,-201,964
23,-205,965
6,-201,977
10,-205,994
27,-212,1003
62,-213,1025
84,-216,1046
102,-213,1051
50,-211,1063
83,-217,1051
92,-209,1048
95,-200,1030
60,-194,1012
92,-189,985
67,-184,980
62,-190,981
89,-190,985
108,-186,988
103,-181,996
99,-178,1011
69,-177,1025
71,-174,1041
113,-177,1050
161,-176,1052
187,-173,1048
187,-168,1034
172,-163,1017
144,-148,998
143,-137,986
153,-134,986
181,-133,983
214,-135,985
220,-133,995
201,-126,1006
187,-117,1015
218,-113,1033
263,-115,1044
270,-114,1044
236,-104,1041
197,-94,1038
159,-83,1024
143,-77,1015
135,-81,1003
135,-79,995
149,-77,987
164,-71,992
175,-71,1002
190,-71,1008
205,-73,1016
199,-73,1030
213,-71,1033
236,-73,1035
234,-65,1041
208,-60,1042
175,-59,1032
161,-59,1018
170,-59,1009
167,-56,1004
158,-52,999
156,-51,1000
149,-49,1001
149,-52,1006
145,-52,1016
140,-52,1024
123,-50,1032
80,-46,1036
34,-46,1040
-10,-45,1040
-34,-42,1036
-31,-39,1034
-26,-36,1023
-21,-36,1015
-7,-37,1006
12,-42,1004
34,-44,998
55,-44,1000
80,-48,1007
92,-48,1017
98,-48,1023
94,-48,1033
81,-52,1040
151,-56,1037
185,-53,1039
234,-60,1028
281,-69,1018
302,-70,1012
308,-73,1003
312,-75,1000
319,-78,998
320,-79,1000
319,-80,1002
304,-84,1008
285,-91,1017
259,-95,1021
234,-99,1032
222,-100,1038
203,-103,1041
198,-106,1036
186,-114,1028
180,-116,1023
206,-120,1011
231,-125,999
224,-129,991
216,-139,987
203,-146,982
183,-148,991
181,-151,1000
176,-155,1014
170,-163,1025
146,-172,1034
130,-177,1039
133,-180,1035
134,-176,1030
121,-184,1021
107,-190,1011
96,-190,1003
107,-194,994
112,-191,990
116,-198,991
118,-206,998
103,-212,1006
83,-214,1015
59,-213,1023
55,-219,1034
47,-217,1037
38,-207,1036
33,-213,1030
47,-221,1024
52,-223,1017
37,-213,1006
10,-200,999
-5,-199,997
-25,-210,995
-31,-208,1006
-33,-211,1004
-67,-198,1016
-63,-181,1027
-76,-172,1037
-71,-191,1034
-55,-189,1033
-50,-188,1034
-39,-166,1023
-60,-160,1015
-63,-156,998
-75,-146,998
-89,-135,997
-106,-121,996
-134,-120,1011
-114,-125,1021
-121,-145,1026
-137,-93,1035
-111,-92,1040
-122,-95,1038
-83,-119,1048
-71,-119,1040
-46,-105,1026
0,-87,1007
-30,-92,1003
-31,-85,993
-25,-88,986
-65,-81,992
-65,-83,1001
-54,-80,1009
-65,-71,1027
-36,-79,1031
-5,-83,1039
19,-79,1040
65,-83,1039
76,-80,1042
76,-81,1035
30,-75,1030
-17,-73,1024
-21,-74,1015
-13,-79,1007
-2,-73,1004
28,-70,997
13,-61,1000
-6,-60,1005
-21,-62,1007
-51,-57,1017
-72,-58,1026
-79,-58,1033
-89,-61,1050
-68,-65,1051
-81,-60,1048
-90,-45,1044
-83,-40,1031
-96,-36,1020
-94,-38,1009
-106,-37,1005
-120,-34,996
-116,-32,994
-103,-34,1000
-96,-33,1007
-89,-32,1017
-91,-32,1030
-88,-30,1044
-95,-29,1051
-84,-31,1052
-75,-31,1047
-75,-31,1036
-72,-31,1027
-67,-32,1017
-65,-28,1005
-42,-32,996
3,-33,993
39,-37,996
92,-40,1004
126,-45,1015
135,-43,1025
122,-45,1030
108,-44,1033
91,-43,1029
69,-40,1018
1,-34,1007
-11,-34,1006
-9,-35,1004
-50,-27,1019
-15,-29,1021
5,-39,1034
-24,-45,1048
-54,-40,1044
-105,-34,1052
-103,-31,1041
-134,-30,1034
-144,-27,1026
-132,-26,1017
-149,-27,1009
-169,-30,1002
-176,-36,999
-153,-39,1007
-130,-45,1010
-116,-47,1019
-113,-48,1034
-110,-52,1040
-116,-53,1042
-135,-58,1044
-146,-57,1032
-141,-62,1027
-127,-70,1017
-115,-73,1010
-116,-80,1008
-134,-83,1004
-144,-84,1009
-139,-88,1013
-125,-95,1017
-97,-104,1022
-75,-111,1028
-48,-119,1032
-46,-123,1035
-29,-130,1035
-31,-128,1028
-21,-124,1019
4,-127,1007
22,-128,1002
33,-130,1001
41,-132,1001
36,-133,1007
53,-133,1007
65,-135,1018
46,-133,1027
46,-135,1030
48,-134,1035
36,-127,1032
51,-131,1032
21,-128,1027
22,-133,1029
-2,-134,1022
2,-133,1013
5,-130,1003
14,-134,997
15,-132,997
18,-134,1002
15,-131,1007
7,-131,1016
0,-135,1017
2,-136,1031
16,-140,1034
24,-144,1036
11,-142,1037
5,-136,1026
-5,-140,1022
6,-139,1013
16,-139,1007
34,-141,998
41,-141,996
40,-141,999
41,-141,1001
44,-147,1009
54,-149,1024
63,-152,1027
71,-151,1034
57,-154,1037
40,-150,1039
35,-149,1036
34,-148,1028
39,-148,1025
43,-143,1008
45,-141,1001
44,-136,996
31,-134,995
43,-136,994
58,-139,1003
76,-140,1010
95,-139,1014
97,-135,1024
117,-133,1029
127,-128,1035
125,-136,1034
133,-139,1032
145,-133,1020
155,-127,1017
156,-119,1009
155,-115,995
160,-112,994
166,-113,990
174,-112,1000
165,-99,1012
152,-98,1021
136,-95,1031
135,-97,1042
149,-97,1044
161,-97,1040
161,-89,1035
149,-85,1032
140,-80,1020
127,-81,1009
118,-79,1000
103,-73,997
92,-66,997
88,-64,999
85,-65,1009
86,-68,1015
77,-68,1018
66,-69,1027
62,-62,1031
65,-64,1038
59,-63,1037
58,-66,1038
66,-65,1033
71,-64,1024
77,-61,1020
73,-57,1014
89,-60,1005
94,-62,1000
86,-62,1003
103,-61,1007
121,-60,1011
122,-57,1019
133,-57,1025
145,-63,1031
159,-63,1035
172,-64,1034
178,-62,1033
172,-59,1026
167,-58,1021
165,-58,1015
165,-57,1009
172,-55,1007
197,-51,1003
204,-54,1008
207,-57,1012
171,-59,1016
123,-60,1029
161,-58,1031
189,-60,1036
214,-62,1028
233,-65,1024
232,-63,1021
243,-67,1014
256,-69,1015
270,-72,1008
281,-78,1007
282,-81,1009
286,-86,1009
294,-92,1010
294,-95,1019
301,-102,1020
312,-114,1021
307,-120,1020
312,-125,1018
312,-133,1017
304,-144,1007
298,-150,1005
277,-159,1006
256,-171,1009
245,-177,1013
237,-182,1015
238,-191,1015
237,-202,1016
225,-207,1019
222,-221,1016
220,-227,1015
215,-236,1008
190,-249,1007
176,-257,1000
159,-266,1002
133,-269,1002
105,-267,1008
94,-272,1007
77,-280,1011
63,-284,1013
49,-283,1014
39,-279,1014
29,-277,1016
31,-277,1013
39,-280,1009
43,-284,1010
64,-282,1007
51,-277,1005
32,-275,1003
0,-270,1007
-14,-268,1009
-17,-271,1011
-19,-271,1014
-42,-258,1020
-80,-253,1024
-93,-248,1032
-117,-235,1030
-125,-233,1025
-140,-216,1024
-155,-203,1018
-172,-194,1016
-205,-187,1010
-194,-160,1012
-151,-157,1010
-157,-152,1012
-160,-142,1010
-182,-123,1017
-206,-113,1024
-204,-115,1023
-191,-102,1028
-198,-86,1029
-207,-73,1033
-221,-73,1026
-234,-68,1027
-196,-68,1023
-170,-61,1025
-131,-58,1020
-88,-54,1016
-87,-50,1018
-74,-51,1017
-65,-55,1018
-49,-51,1022
-30,-55,1023
-36,-52,1031
-23,-47,1031
-27,-46,1029
-25,-41,1035
-20,-43,1032
-23,-41,1028
-10,-40,1022
-15,-42,1017
-31,-43,1012
-46,-41,1012
-76,-38,1012
-72,-37,1015
-65,-35,1019
-48,-39,1017
-42,-39,1024
-36,-34,1030
-64,-34,1035
-54,-33,1037
-60,-36,1036
-56,-35,1035
-30,-34,1024
-24,-34,1024
-17,-35,1015
-21,-31,1012
-33,-30,1008
-32,-31,1008
-29,-30,1012
-20,-33,1015
5,-38,1021
20,-40,1030
57,-45,1038
91,-45,1039
109,-46,1040
121,-45,1034
116,-45,1030
99,-42,1024
67,-39,1011
33,-33,1005
3,-34,1004
-7,-34,1002
-22,-34,1003
-20,-32,1009
-3,-45,1014
-12,-25,1024
-72,-28,1043
-63,-36,1044
-59,-32,1048
-91,-33,1051
-64,-33,1041
-78,-31,1030
-82,-32,1021
-74,-35,1007
-89,-33,1002
-103,-32,996
-106,-35,1000
-114,-37,1008
-109,-39,1016
-92,-41,1021
-96,-45,1023
-112,-45,1026
-114,-47,1035
-111,-55,1048
-101,-58,1055
-83,-63,1047
-78,-64,1039
-80,-62,1027
-78,-65,1019
-76,-65,1011
-66,-71,1013
-63,-71,1010
-69,-74,1005
-80,-78,1007
-80,-83,1006
-99,-83,1013
-95,-88,1019
-99,-91,1030
-88,-95,1032
-74,-101,1033
-67,-105,1036
-66,-111,1029
-60,-114,1022
-39,-119,1019
-15,-124,1014
-8,-127,1005
21,-128,1003
14,-127,998
-2,-126,1005
52,-131,1014
66,-131,1015
57,-126,1016
55,-128,1018
49,-130,1015
47,-135,1033
74,-132,1033
73,-132,1036
43,-128,1036
25,-129,1037
12,-128,1037
3,-127,1036
6,-127,1022
9,-129,1011
2,-129,1003
16,-131,992
13,-132,992
20,-134,989
23,-130,994
15,-132,1002
8,-136,1014
-3,-139,1027
1,-141,1043
14,-142,1048
3,-136,1050
-1,-142,1051
4,-148,1042
-12,-146,1031
5,-146,1022
6,-145,1006
0,-143,992
12,-150,991
5,-151,986
5,-148,984
51,-152,985
84,-150,996
99,-151,998
130,-146,1007
128,-142,1020
133,-136,1031
127,-158,1050
123,-148,1058
131,-140,1050
148,-141,1044
139,-139,1025
117,-133,1014
110,-121,995
116,-115,984
127,-113,980
144,-114,981
127,-114,982
126,-115,995
126,-110,1008
140,-106,1024
152,-99,1040
158,-103,1042
166,-102,1043
164,-101,1041
155,-96,1036
152,-89,1026
161,-90,1016
165,-90,1001
143,-85,996
140,-83,992
138,-77,995
145,-72,1005
160,-72,1008
156,-75,1019
151,-77,1024
157,-75,1033
179,-70,1033
201,-67,1039
207,-64,1039
185,-66,1038
174,-68,1024
183,-62,1013
183,-58,1008
186,-54,1003
196,-53,995
194,-58,988
193,-59,991
185,-62,1004
186,-60,1009
196,-53,1022
176,-56,1035
152,-57,1039
98,-57,1045
29,-51,1051
16,-45,1051
24,-40,1038
33,-38,1029
38,-42,1008
42,-45,998
45,-48,990
60,-47,984
68,-43,986
81,-41,999
92,-47,1003
115,-52,1018
138,-59,1030
147,-62,1043
135,-59,1053
123,-53,1061
136,-53,1061
166,-62,1053
202,-69,1036
235,-70,1019
266,-68,1007
294,-72,990
302,-74,982
310,-83,971
310,-93,970
304,-95,975
306,-97,984
306,-96,1003
311,-105,1018
315,-114,1038
301,-128,1048
278,-133,1057
257,-139,1052
223,-141,1040
203,-145,1022
193,-152,1002
191,-156,982
180,-159,974
152,-159,969
167,-162,981
191,-172,986
191,-177,999
188,-187,1010
178,-196,1026
166,-200,1040
149,-210,1055
142,-225,1051
135,-233,1041
126,-227,1028
121,-222,1012
117,-223,992
90,-214,976
82,-229,967
74,-233,970
57,-233,981
45,-227,990
24,-228,1008
6,-231,1024
-20,-231,1046
-31,-227,1054
-34,-224,1053
-29,-214,1052
-17,-213,1034
-24,-210,1015
-35,-198,1003
-36,-192,991
-46,-186,986
-47,-182,981
-48,-187,991
-66,-179,1002
-60,-175,1010
-64,-173,1027
-71,-171,1040
-61,-170,1055
-77,-165,1054
-79,-165,1048
-81,-153,1034
-79,-146,1019
-80,-137,1006
-88,-129,996
-89,-134,987
-94,-122,986
-117,-114,1000
-126,-101,1013
-71,-76,1030
-136,-94,1046
-119,-76,1057
-42,-90,1049
-55,-74,1053
-69,-76,1042
-49,-73,1025
-82,-68,1013
-62,-72,1000
-42,-70,986
-40,-69,984
-57,-68,984
-25,-66,987
-80,-62,1003
-69,-60,1009
-85,-53,1018
-111,-48,1032
-74,-52,1047
-114,-51,1062
-118,-51,1072
-135,-50,1070
-160,-42,1064
-158,-39,1049
-167,-28,1025
-161,-23,1012
-170,-18,999
-165,-14,989
-179,-16,990
-157,-20,986
-147,-23,989
-149,-25,1005
-114,-29,1026
-51,-35,1041
31,-42,1058
126,-50,1067
136,-47,1065
143,-45,1066
139,-44,1056
148,-46,1039
134,-48,1028
138,-47,997
102,-44,974
56,-37,959
30,-32,956
-6,-25,958
-23,-24,973
-33,-25,991
-19,-29,1020
1,-35,1045
19,-40,1059
60,-46,1077
101,-51,1084
121,-52,1075
131,-50,1062
121,-45,1040
94,-41,1013
69,-36,1000
37,-29,982
3,-30,976
-12,-34,983
5,-33,980
-20,-28,985
-13,-33,1004
22,-40,1027
41,-44,1055
67,-43,1066
99,-42,1074
117,-43,1069
113,-40,1056
116,-41,1032
91,-38,1010
70,-36,990
43,-35,983
36,-41,983
77,-25,980
74,-27,962
21,-9,977
6,-42,977
18,-42,987
21,-30,1008
25,-37,1043
35,-46,1077
37,-46,1093
44,-45,1105
60,-44,1105
70,-42,1081
67,-41,1061
68,-34,1027
79,-34,993
75,-31,973
66,-36,948
64,-36,941
58,-34,942
46,-34,949
34,-33,970
32,-36,1005
32,-36,1036
36,-38,1071
43,-41,1099
48,-44,1103
59,-43,1107
69,-42,1098
97,-47,1070
107,-48,1044
80,-42,1001
79,-34,953
71,-30,921
52,-29,918
47,-36,921
102,-17,941
87,-29,974
61,-35,1026
47,-43,1047
90,-41,1093
92,-52,1110
77,-58,1117
77,-47,1113
64,-44,1085
45,-33,1049
42,-34,1021
29,-28,972
-1,-25,943
-8,-22,933
11,-27,927
24,-28,934
31,-33,965
57,-35,993
81,-40,1033
105,-45,1072
124,-49,1097
123,-47,1114
111,-47,1109
102,-44,1090
79,-40,1059
53,-33,1014
31,-32,976
20,-32,955
12,-28,936
12,-28,933
20,-27,943
32,-29,958
52,-34,991
76,-37,1032
90,-42,1057
109,-47,1090
118,-49,1105
111,-50,1101
99,-45,1087
80,-45,1053
61,-39,1029
45,-33,994
26,-26,963
11,-25,948
11,-23,943
23,-24,943
33,-27,959
49,-31,981
71,-40,1016
87,-42,1054
98,-47,1072
111,-49,1094
108,-51,1101
97,-46,1090
82,-40,1065
69,-36,1044
47,-32,1011
36,-32,979
22,-30,961
19,-31,948
24,-28,945
36,-33,956
49,-35,985
58,-36,1006
77,-39,1041
92,-39,1071
101,-44,1080
109,-46,1091
99,-45,1090
89,-47,1068
73,-43,1043
57,-40,1017
43,-37,989
33,-31,966
24,-26,957
23,-26,952
31,-30,961
43,-30,980
51,-34,997
75,-41,1026
91,-41,1053
95,-46,1066
91,-46,1085
107,-47,1084
95,-47,1074
67,-42,1066
65,-38,1035
49,-32,1003
27,-29,980
29,-28,967
30,-29,955
32,-34,959
42,-33,972
56,-37,984
68,-38,1013
85,-40,1038
93,-44,1055
99,-42,1070
90,-42,1070
73,-41,1069
75,-42,1065
71,-41,1051
47,-40,1031
45,-39,1007
54,-31,995
40,-30,981
44,-33,970
44,-31,971
44,-28,976
58,-31,980
64,-33,983
47,-34,1001
60,-38,1024
80,-44,1040
73,-44,1064
64,-43,1079
66,-44,1081
59,-44,1081
47,-40,1071
40,-37,1047
37,-33,1025
33,-31,1011
52,-31,988
60,-35,971
56,-32,953
50,-33,954
57,-38,961
80,-38,974
71,-36,986
70,-33,1013
70,-39,1029
55,-34,1048
31,-34,1067
47,-41,1085
46,-45,1102
41,-46,1106
59,-49,1102
85,-48,1076
74,-46,1054
79,-39,1021
119,-35,977
114,-32,950
124,-28,932
114,-31,918
108,-31,919
97,-35,937
104,-39,954
94,-43,991
70,-42,1022
71,-46,1055
68,-43,1077
16,-42,1108
75,-48,1113
83,-46,1117
43,-43,1113
81,-45,1084
67,-46,1069
43,-44,1043
97,-41,998
89,-39,973
45,-35,949
57,-27,930
91,-27,918
76,-30,927
59,-29,943
65,-33,968
55,-34,992
13,-37,1032
8,-39,1059
6,-40,1084
-8,-37,1097
-20,-40,1113
-14,-42,1113
-21,-37,1098
-48,-33,1072
-16,-33,1041
-33,-30,1009
-49,-29,974
-19,-27,945
-3,-27,933
19,-30,933
59,-32,941
114,-36,962
126,-38,993
118,-40,1012
94,-40,1050
95,-45,1078
87,-46,1102
71,-46,1104
58,-44,1100
27,-40,1084
16,-36,1054
14,-34,1023
12,-30,1003
14,-29,971
34,-29,954
48,-30,947
68,-30,949
81,-32,956
97,-36,977
100,-39,997
99,-39,1024
87,-45,1053
74,-42,1067
53,-43,1081
28,-37,1082
8,-39,1076
6,-37,1071
5,-38,1054
10,-36,1039
21,-37,1021
42,-35,1002
60,-34,988
75,-34,970
91,-35,968
102,-37,969
117,-39,971
87,-34,968
45,-33,981
50,-37,1013
66,-47,1041
11,-41,1081
-2,-39,1099
14,-41,1104
-4,-39,1097
1,-40,1083
45,-43,1054
43,-37,1033
53,-32,1006
97,-39,989
118,-42,977
92,-35,966
89,-35,954
96,-38,958
61,-36,967
39,-32,982
40,-34,997
27,-33,1012
0,-33,1029
-23,-34,1045
30,-41,1066
22,-42,1088
29,-41,1090
74,-45,1081
69,-43,1069
76,-42,1049
98,-39,1017
74,-36,996
65,-35,990
69,-35,975
59,-34,972
26,-32,977
23,-32,980
29,-34,984
17,-31,995
15,-33,1002
29,-36,1018
32,-39,1031
58,-40,1053
70,-42,1066
72,-43,1074
81,-44,1071
81,-43,1065
65,-41,1052
56,-41,1029
46,-39,1016
23,-32,1002
21,-31,990
26,-32,989
24,-31,985
20,-29,982
39,-33,985
57,-37,987
59,-38,998
67,-38,1006
88,-42,1024
87,-41,1030
60,-41,1050
69,-41,1056
68,-42,1059
26,-39,1063
32,-40,1055
22,-38,1043
1,-36,1035
23,-36,1011
23,-34,1001
25,-33,993
54,-36,986
66,-36,990
74,-37,996
84,-37,1004
84,-41,1016
82,-41,1026
71,-39,1033
52,-41,1044
41,-39,1049
25,-39,1054
14,-35,1050
13,-36,1042
15,-33,1035
19,-35,1026
37,-35,1015
50,-37,1013
66,-34,1007
86,-39,1001
89,-38,997
81,-36,1001
86,-36,1000
73,-38,1005
55,-38,1012
40,-36,1017
28,-37,1021
16,-37,1026
7,-36,1037
24,-37,1042
24,-36,1048
32,-38,1048
55,-39,1039
64,-40,1037
70,-38,1029
81,-38,1018
80,-39,1012
73,-39,1006
59,-39,1005
53,-37,1010
44,-37,1015
35,-34,1012
23,-33,1007
17,-32,1002
11,-33,1011
36,-38,1017
54,-39,1032
53,-38,1039
69,-39,1041
73,-43,1044
71,-39,1038
73,-41,1036
60,-39,1028
53,-36,1022
41,-37,1018
28,-36,1009
22,-33,1002
23,-36,1003
22,-35,1003
33,-35,1008
35,-35,1017
47,-35,1024
7,-33,1023
-76,-24,1015
-87,-32,1009
-88,-34,1032
-49,-35,1043
-105,-34,1049
-150,-32,1045
-151,-33,1033
-188,-30,1031
-177,-29,1032
-191,-26,1025
-205,-32,1022
-207,-38,1011
-237,-45,1013
-233,-49,1011
-233,-49,1016
-231,-57,1025
-213,-67,1034
-206,-76,1035
-193,-83,1041
-189,-87,1036
-187,-103,1030
-163,-115,1026
-151,-118,1020
-143,-117,1010
-142,-126,1006
-118,-142,1008
-101,-147,1010
-95,-152,1014
-89,-158,1023
-76,-174,1026
-70,-183,1031
-44,-185,1031
-23,-185,1032
-12,-184,1036
10,-184,1025
4,-177,1011
13,-182,1001
39,-193,992
55,-185,990
76,-180,984
73,-191,987
50,-178,994
43,-185,995
36,-202,1013
78,-194,1032
116,-189,1039
122,-182,1044
113,-178,1041
104,-180,1047
103,-179,1044
112,-175,1037
121,-166,1020
121,-160,998
105,-163,988
87,-158,981
105,-149,976
123,-151,976
111,-138,988
107,-130,1001
74,-111,1017
68,-139,1026
71,-148,1035
104,-150,1063
127,-159,1070
94,-159,1050
64,-136,1035
66,-128,1020
81,-133,1010
98,-129,1004
102,-106,993
105,-85,991
119,-119,990
100,-126,992
103,-120,999
105,-119,1015
102,-117,1032
113,-117,1043
92,-114,1048
75,-113,1046
49,-107,1039
21,-98,1036
27,-99,1027
20,-103,1021
36,-107,1005
69,-105,993
64,-102,990
71,-102,986
49,-100,993
36,-100,1003
65,-105,1017
76,-108,1025
96,-107,1033
101,-102,1039
60,-100,1043
73,-99,1048
111,-102,1047
108,-105,1042
130,-100,1019
107,-99,1009
91,-89,999
106,-82,993
103,-88,988
113,-91,987
121,-90,990
95,-79,1003
88,-72,1015
100,-74,1030
106,-72,1045
130,-76,1053
151,-80,1050
163,-77,1053
186,-72,1050
201,-71,1036
217,-70,1018
254,-73,1003
272,-69,992
289,-67,978
290,-64,980
281,-59,985
260,-58,991
253,-58,1001
246,-59,1018
242,-63,1031
222,-59,1049
164,-56,1054
82,-49,1057
20,-47,1053
-63,-42,1048
-116,-36,1036
-56,-36,1033
-20,-37,1004
-32,-37,989
-17,-39,987
16,-43,979
19,-39,993
63,-43,1001
80,-48,1007
94,-50,1025
104,-51,1034
92,-54,1049
72,-43,1041
33,-46,1059
33,-46,1049
-22,-43,1044
-24,-42,1032
-27,-39,1017
-25,-33,1005
11,-33,994
21,-41,995
43,-43,999
76,-43,999
90,-45,1005
86,-50,1013
94,-47,1024
74,-45,1034
48,-44,1041
38,-42,1042
5,-46,1046
-11,-45,1044
-21,-41,1036
-21,-35,1028
2,-39,1023
15,-38,1014
31,-43,1003
63,-47,999
72,-46,1000
81,-43,1002
89,-41,1007
80,-46,1016
58,-48,1027
43,-49,1031
19,-43,1038
9,-38,1040
-4,-36,1038
-11,-36,1034
-4,-41,1032
4,-42,1026
18,-45,1025
37,-42,1018
53,-43,1011
63,-44,1011
68,-44,1010
63,-47,1007
59,-48,1011
54,-45,1016
38,-41,1023
31,-40,1024
24,-38,1030
13,-44,1028
12,-46,1029
11,-44,1032
16,-42,1029
30,-40,1031
42,-42,1027
44,-44,1022
54,-49,1018
55,-48,1012
54,-46,1009
51,-42,1009
41,-38,1013
32,-40,1014
25,-44,1016
16,-44,1020
20,-43,1024
21,-42,1031
20,-41,1034
30,-41,1037
36,-42,1032
46,-48,1029
50,-47,1027
48,-44,1020
46,-40,1021
44,-40,1013
37,-40,1013
34,-44,1013
32,-45,1011
27,-43,1014
28,-41,1017
31,-41,1020
34,-42,1028
34,-42,1031
36,-46,1033
37,-45,1032
35,-42,1028
34,-43,1030
31,-41,1021
31,-43,1021
35,-43,1021
35,-44,1018
37,-44,1021
40,-41,1015
40,-41,1014
38,-41,1013
38,-43,1014
38,-46,1013
38,-40,1017
34,-45,1021
28,-42,1027
35,-43,1031
28,-42,1030
25,-44,1024
36,-46,1026
32,-45,1025
33,-42,1027
38,-42,1022
39,-44,1028
44,-42,1029
39,-44,1026
31,-44,1025
35,-44,1019
37,-42,1014
26,-41,1015
31,-41,1013
33,-43,1011
33,-44,1013
38,-44,1017
38,-42,1022
40,-42,1024
41,-43,1029
36,-44,1026
35,-48,1030
33,-44,1029
29,-42,1026
27,-42,1022
31,-43,1023
33,-43,1022
30,-44,1017
38,-42,1022
37,-43,1020
35,-42,1018
38,-43,1018
34,-44,1018
38,-45,1020
37,-45,1018
36,-43,1016
38,-41,1018
38,-40,1018
31,-43,1012
31,-42,1012
34,-44,1015
28,-44,1020
29,-41,1023
30,-43,1024
28,-44,1029
30,-46,1035
26,-46,1040
34,-47,1033
22,-43,1032
31,-44,1026
28,-43,1026
22,-41,1024
7,-40,1017
-1,-38,1014
-5,-43,1014
8,-44,1014
20,-43,1016
31,-39,1014
32,-44,1020
31,-46,1024
30,-49,1031
30,-46,1031
27,-43,1032
28,-41,1030
30,-41,1029
25,-45,1023
24,-45,1019
22,-43,1015
21,-40,1011
21,-40,1009
24,-42,1010
33,-46,1015
39,-44,1017
41,-45,1025
43,-45,1030
39,-44,1035
39,-46,1034
43,-47,1032
52,-48,1028
57,-48,1022
59,-47,1022
55,-46,1018
41,-47,1017
34,-48,1019
33,-46,1018
25,-44,1019
21,-39,1021
20,-42,1021
18,-42,1025
19,-45,1023
19,-43,1020
25,-45,1021
29,-44,1020
32,-45,1019
39,-44,1023
39,-43,1027
29,-45,1027
33,-44,1028
30,-45,1028
25,-42,1029
30,-44,1025
25,-44,1019
25,-49,1019
29,-47,1018
19,-44,1021
23,-41,1024
30,-40,1024
28,-42,1025
35,-42,1019
31,-46,1023
22,-44,1024
19,-42,1024
14,-42,1022
16,-46,1019
25,-45,1019
30,-45,1023
28,-44,1025
24,-40,1025
16,-41,1026
10,-41,1023
10,-40,1025
9,-40,1025
12,-45,1025
20,-46,1022
19,-43,1018
30,-44,1017
38,-43,1014
46,-45,1013
54,-47,1013
48,-44,1012
36,-40,1014
13,-38,1019
-5,-42,1036
-2,-45,1046
29,-48,1042
53,-48,1034
104,-51,1028
106,-50,1023
107,-51,1021
110,-52,1019
97,-60,1016
225,-58,1003
226,-55,1023
261,-62,1014
309,-69,1015
314,-71,1024
355,-76,1024
375,-85,1026
381,-88,1019
392,-94,1018
410,-104,1009
423,-112,998
420,-121,995
400,-127,989
389,-134,993
377,-149,998
367,-160,1004
344,-171,1009
315,-177,1019
279,-185,1021
252,-193,1025
228,-201,1023
192,-210,1021
169,-215,1021
138,-218,1013
104,-216,1008
89,-219,1007
69,-223,1005
65,-225,1002
55,-231,1006
47,-227,1007
41,-229,1010
50,-244,1015
48,-252,1014
25,-249,1016
10,-243,1015
-2,-226,1015
-9,-225,1017
-14,-227,1019
-7,-233,1017
-23,-224,1019
-13,-228,1016
0,-218,1012
-4,-225,1012
-4,-227,1011
-10,-219,1016
-11,-207,1013
-16,-198,1019
-17,-198,1022
-30,-207,1024
-63,-205,1027
-53,-200,1024
-51,-191,1015
-47,-182,1013
-44,-184,1010
-45,-183,1007
-24,-172,1006
-27,-170,1010
-24,-169,1011
-38,-169,1017
-33,-168,1021
-37,-162,1026
-42,-158,1026
-38,-149,1025
-48,-147,1023
-44,-144,1022
-58,-143,1019
-57,-141,1017
-53,-139,1015
-45,-133,1013
-53,-124,1017
-67,-118,1014
-65,-112,1016
-74,-115,1020
-85,-108,1024
-69,-105,1027
-64,-98,1024
-59,-96,1029
-59,-92,1024
-51,-88,1018
-53,-85,1016
-51,-87,1017
-53,-88,1014
-56,-82,1014
-47,-74,1013
-40,-71,1017
-32,-77,1020
-21,-76,1022
-29,-71,1024
-33,-73,1032
-34,-71,1034
-37,-66,1033
-36,-55,1025
-60,-45,1029
-57,-55,1024
-59,-58,1022
-68,-57,1020
-59,-53,1011
-85,-43,1017
-86,-45,1014
-94,-44,1019
-95,-40,1020
-102,-35,1024
-107,-35,1029
-108,-34,1032
-109,-36,1036
-110,-32,1034
-104,-32,1032
-108,-28,1030
-102,-27,1026
-105,-26,1021
-100,-27,1018
-96,-24,1012
-95,-25,1011
-91,-27,1013
-81,-29,1015
-52,-32,1023
1,-34,1026
41,-38,1026
83,-38,1022
54,-37,1024
78,-41,1021
68,-40,1023
71,-41,1026
67,-43,1034
73,-42,1025
63,-41,1022
70,-40,1018
83,-43,1019
85,-41,1018
83,-40,1023
71,-41,1027
47,-39,1024
42,-40,1021
23,-39,1020
7,-35,1020
8,-35,1015
9,-33,1016
8,-35,1015
27,-36,1017
42,-39,1014
55,-39,1013
72,-40,1014
82,-44,1022
67,-42,1024
65,-41,1028
55,-39,1027
40,-39,1030
33,-38,1030
27,-37,1032
24,-38,1032
23,-38,1024
28,-38,1021
30,-39,1017
39,-39,1013
51,-39,1007
58,-41,1008
61,-37,1010
59,-37,1013
52,-39,1020
48,-38,1026
44,-41,1030
35,-39,1032
33,-40,1030
30,-39,1033
31,-39,1028
32,-40,1028
36,-38,1023
38,-38,1020
47,-38,1013
49,-35,1012
54,-38,1011
54,-38,1011
49,-40,1017
47,-40,1016
39,-38,1021
38,-37,1026
36,-39,1026
34,-42,1033
33,-37,1035
34,-39,1032
39,-39,1031
40,-36,1026
45,-38,1022
46,-38,1017
49,-39,1012
50,-38,1012
49,-37,1014
47,-38,1012
43,-36,1015
39,-39,1019
36,-40,1026
34,-39,1025
33,-38,1029
35,-38,1032
37,-40,1031
41,-39,1030
46,-40,1027
46,-41,1027
48,-39,1022
46,-40,1019
46,-35,1016
43,-35,1017
43,-37,1010
41,-36,1014
37,-36,1018
36,-37,1019
36,-37,1023
36,-42,1029
39,-40,1026
41,-41,1027
41,-40,1032
45,-36,1031
48,-38,1027
47,-37,1022
48,-39,1020
43,-40,1015
38,-38,1014
32,-37,1014
20,-38,1011
16,-36,1012
-15,-32,1019
-43,-33,1023
-78,-28,1025
-118,-25,1025
-160,-22,1029
-207,-22,1031
-245,-28,1032
-267,-30,1035
-298,-32,1033
-308,-29,1031
-282,-33,1030
-262,-39,1035
-245,-51,1028
-235,-56,1029
-236,-65,1020
-231,-74,1011
-212,-83,1008
-215,-88,1005
-210,-99,1006
-202,-114,1015
-179,-121,1021
-149,-130,1032
-151,-136,1031
-147,-152,1034
-144,-161,1032
-127,-169,1023
-114,-175,1019
-108,-179,1013
-83,-187,1004
-69,-195,997
-67,-198,1001
-70,-205,1005
-63,-214,1012
-49,-220,1017
-41,-223,1032
-22,-225,1031
-16,-227,1030
-17,-227,1023
-3,-227,1015
9,-234,1014
24,-232,1002
41,-234,1000
55,-244,994
47,-220,999
54,-227,1004
75,-247,1011
87,-249,1019
102,-235,1023
117,-228,1024
111,-222,1025
100,-213,1023
101,-214,1019
99,-207,1015
103,-216,1009
81,-193,1005
75,-185,1008
79,-191,1006
91,-195,1017
106,-196,1015
115,-190,1018
109,-184,1019
106,-170,1023
100,-180,1024
92,-170,1022
93,-164,1013
84,-172,1015
86,-172,1008
67,-180,1009
42,-157,1009
63,-134,1006
84,-151,1015
99,-164,1012
84,-151,1021
80,-151,1024
97,-170,1023
104,-141,1026
120,-129,1026
141,-137,1022
148,-137,1025
157,-134,1017
180,-127,1015
190,-123,1012
188,-121,1007
175,-115,1005
162,-113,1006
159,-112,1010
154,-106,1018
160,-100,1020
144,-96,1023
128,-95,1028
124,-91,1029
133,-89,1028
156,-87,1028
163,-84,1023
159,-82,1016
145,-84,1016
136,-78,1007
141,-75,1009
164,-70,1009
169,-69,1009
159,-70,1011
153,-70,1014
141,-67,1018
147,-64,1024
160,-62,1031
171,-65,1028
177,-64,1030
173,-62,1028
166,-59,1020
165,-57,1020
178,-58,1015
189,-59,1010
190,-60,1009
191,-59,1007
190,-57,1011
177,-52,1011
149,-52,1019
86,-48,1026
60,-50,1035
65,-51,1034
71,-47,1030
82,-48,1031
99,-46,1024
108,-50,1019
112,-55,1015
112,-51,1019
116,-53,1017
123,-52,1014
137,-52,1013
146,-55,1012
147,-61,1016
152,-62,1019
154,-64,1023
165,-65,1032
182,-70,1032
198,-76,1030
223,-79,1027
243,-82,1020
255,-84,1009
250,-86,1006
248,-87,1003
241,-97,997
238,-100,995
231,-103,996
221,-95,1002
211,-92,1011
207,-108,1023
199,-122,1028
184,-126,1035
181,-133,1035
163,-131,1031
155,-134,1030
149,-137,1022
128,-145,1009
133,-159,1004
131,-155,999
141,-156,998
150,-161,997
143,-165,1002
133,-170,1009
125,-175,1015
117,-182,1027
118,-185,1025
108,-198,1025
123,-204,1027
116,-194,1025
91,-189,1016
79,-192,1010
54,-200,1010
47,-201,1005
40,-201,1006
33,-201,1001
37,-209,1002
14,-192,1000
13,-199,1008
35,-203,1013
21,-203,1022
25,-203,1024
35,-203,1024
13,-195,1027
21,-201,1029
22,-202,1027
11,-206,1023
22,-202,1025
12,-206,1023
28,-198,1008
20,-192,1002
3,-185,995
-6,-175,990
-36,-172,996
-61,-177,1010
-69,-175,1017
-77,-171,1029
-67,-171,1034
-67,-160,1033
-72,-156,1030
-78,-151,1031
-99,-147,1024
-96,-146,1019
-93,-142,1013
-78,-130,1008
-84,-125,1001
-76,-118,1002
-76,-118,1006
-84,-113,1014
-86,-114,1022
-82,-110,1031
-76,-103,1035
-74,-97,1032
-76,-98,1037
-77,-97,1033
-81,-95,1027
-78,-85,1018
-100,-83,1014
-104,-75,1010
-109,-65,1006
-109,-59,1004
-102,-55,1011
-107,-55,1016
-102,-73,1023
-93,-68,1031
-83,-60,1038
-78,-52,1039
-67,-54,1032
-60,-51,1027
-40,-49,1027
-34,-45,1023
-24,-47,1010
-35,-46,1008
-15,-47,1008
-15,-50,1006
-15,-51,1009
-14,-45,1013
-33,-41,1022
-46,-44,1027
-53,-42,1034
-62,-41,1035
-53,-39,1026
-60,-37,1022
-61,-34,1008
-60,-36,1006
-69,-36,1017
-63,-37,1018
-74,-35,1024
-68,-30,1017
-67,-28,1009
-85,-26,1009
-82,-28,1012
-92,-32,1025
-90,-36,1032
-86,-34,1035
-78,-35,1030
-36,-38,1023
-13,-42,1020
-8,-37,1017
6,-38,1018
-7,-37,1024
4,-38,1017
5,-43,1014
0,-44,1008
-13,-40,1003
-3,-44,1007
-3,-43,1016
-8,-43,1023
-11,-42,1030
-9,-44,1034
-11,-44,1033
-10,-47,1034
6,-48,1036
11,-51,1040
16,-51,1052
25,-51,1053
28,-47,1049
21,-49,1047
25,-49,1036
27,-50,1039
37,-49,1041
39,-50,1044
53,-51,1042
57,-52,1026
60,-48,1014
61,-47,995
61,-46,987
60,-46,984
63,-46,982
65,-45,986
76,-46,990
73,-45,989
70,-45,992
68,-45,998
59,-45,1014
63,-49,1037
64,-51,1047
60,-52,1056
60,-53,1064
50,-51,1063
55,-49,1067
61,-51,1061
55,-49,1052
53,-45,1038
46,-47,1031
37,-46,1025
28,-45,1018
29,-42,1013
27,-43,1016
26,-40,1011
6,-38,1007
-3,-34,1005
3,-37,1012
4,-40,1010
-16,-34,1006
-27,-35,998
-51,-34,998
-66,-33,1001
-99,-29,1006
-142,-27,1019
-148,-27,1024
-154,-29,1028
-160,-27,1035
-169,-30,1037
-184,-34,1039
-185,-34,1035
-205,-35,1033
-220,-45,1031
-212,-54,1029
-193,-58,1022
-187,-61,1013
-178,-58,1003
-180,-66,1000
-173,-74,1002
-153,-83,1006
-160,-88,1012
-149,-91,1023
-153,-98,1033
-156,-105,1040
-143,-122,1047
-138,-129,1040
-121,-131,1032
-119,-136,1017
-112,-141,1012
-99,-156,997
-88,-157,992
-62,-160,992
-59,-162,1000
-54,-169,1006
-56,-177,1018
-42,-185,1027
-25,-189,1034
-12,-194,1040
-3,-198,1037
1,-197,1031
7,-191,1025
21,-197,1012
37,-196,1003
54,-195,995
55,-194,993
58,-199,994
68,-199,998
89,-196,1001
109,-192,1015
126,-188,1021
118,-182,1032
115,-182,1034
111,-180,1036
113,-165,1032
112,-156,1024
104,-151,1013
82,-154,1004
67,-152,1000
60,-150,996
54,-150,996
38,-150,999
17,-147,1001
-8,-150,1010
-22,-155,1019
-30,-151,1026
-50,-154,1022
-32,-158,1026
-21,-160,1033
-13,-165,1032
-6,-169,1034
-6,-168,1032
13,-169,1042
39,-176,1040
57,-166,1036
90,-174,1021
83,-170,1004
90,-158,988
104,-162,982
120,-158,978
143,-156,978
145,-150,984
139,-146,998
145,-142,1020
141,-142,1040
164,-139,1049
175,-139,1054
166,-132,1057
167,-128,1042
154,-121,1028
160,-118,1013
191,-110,988
191,-108,984
195,-106,977
188,-98,979
175,-94,990
160,-88,1003
140,-83,1024
136,-83,1040
134,-82,1050
154,-83,1056
165,-84,1057
170,-81,1048
183,-78,1041
188,-75,1025
213,-74,1006
237,-69,993
244,-66,980
240,-65,981
226,-64,983
220,-62,994
227,-64,1005
239,-63,1019
246,-66,1035
243,-69,1048
233,-61,1055
188,-59,1057
142,-62,1050
166,-60,1034
162,-57,1021
162,-55,1005
164,-58,991
159,-56,983
172,-59,981
190,-62,989
227,-68,996
248,-72,1002
261,-77,1018
260,-83,1032
262,-88,1045
268,-91,1050
278,-97,1045
293,-105,1038
302,-109,1026
296,-118,1011
280,-120,1003
245,-124,997
236,-128,991
236,-136,985
239,-141,980
213,-146,979
196,-148,993
175,-154,1012
164,-159,1024
166,-175,1039
152,-186,1054
163,-188,1050
153,-189,1047
143,-190,1036
147,-194,1019
121,-201,998
119,-199,983
88,-190,972
83,-205,967
92,-217,971
90,-224,983
79,-211,1000
68,-221,1018
61,-217,1033
30,-212,1050
33,-222,1056
24,-224,1053
36,-230,1047
47,-227,1029
26,-226,1017
17,-213,997
14,-217,987
15,-229,976
21,-230,978
24,-232,972
19,-223,986
14,-217,992
-4,-212,1008
-21,-209,1027
-24,-209,1039
-27,-220,1051
-16,-219,1056
-3,-215,1047
13,-211,1031
22,-213,1019
28,-211,999
36,-209,993
36,-207,983
36,-208,979
22,-206,982
14,-202,988
6,-201,998
-4,-201,1015
-5,-199,1029
-17,-197,1041
-28,-183,1043
-44,-181,1048
-51,-191,1043
-58,-194,1036
-59,-181,1023
-66,-170,1007
-74,-163,994
-78,-164,989
-70,-160,989
-69,-161,993
-76,-153,1005
-78,-148,1021
-81,-142,1030
-80,-134,1036
-88,-128,1038
-98,-118,1043
-109,-117,1039
-123,-118,1031
-111,-108,1022
-115,-103,1007
-110,-91,1004
-131,-81,1006
-142,-77,1008
-151,-68,1009
-157,-66,1019
-160,-62,1025
-168,-59,1034
-180,-53,1035
-195,-48,1040
-203,-41,1034
-206,-36,1029
-212,-30,1022
-214,-28,1016
-215,-25,1015
-214,-23,1008
-216,-19,1012
-214,-21,1014
-204,-21,1019
-203,-20,1024
-187,-21,1028
-140,-23,1035
-75,-27,1029
-96,-30,1034
-79,-33,1033
-78,-35,1033
-72,-33,1029
-52,-35,1028
-40,-34,1020
-24,-36,1014
-11,-40,1008
-7,-39,1008
-3,-40,1013
3,-41,1016
8,-42,1016
8,-45,1018
16,-42,1024
12,-44,1029
10,-45,1031
12,-45,1035
6,-45,1029
-3,-44,1031
-11,-44,1026
-25,-42,1022
-60,-32,1014
-82,-38,1011
-93,-44,1007
-101,-50,1007
-107,-47,1014
-126,-42,1015
-143,-40,1016
-171,-49,1016
-178,-55,1021
-169,-64,1025
-165,-68,1025
-182,-70,1024
-189,-86,1033
-185,-103,1040
-157,-109,1045
-150,-106,1048
-130,-110,1040
-117,-110,1028
-112,-114,1026
-71,-132,1025
-39,-136,1014
-50,-136,997
-45,-138,983
-53,-138,973
-74,-136,975
-65,-146,988
-71,-149,1003
-59,-150,1019
-62,-154,1032
-72,-161,1043
-70,-167,1052
-62,-177,1061
-49,-182,1065
-50,-184,1058
-47,-191,1047
-27,-197,1022
-41,-199,998
-10,-198,968
-7,-199,958
1,-200,953
19,-201,963
18,-201,972
19,-205,995
31,-205,1020
22,-207,1053
44,-210,1069
66,-216,1075
73,-211,1074
89,-209,1053
74,-201,1041
68,-192,1016
61,-189,985
66,-185,964
65,-183,953
57,-179,952
45,-175,957
29,-172,975
20,-171,1006
19,-182,1032
23,-180,1053
25,-183,1069
17,-189,1068
9,-195,1061
12,-198,1052
10,-202,1042
7,-189,1030
14,-196,1014
5,-187,994
9,-185,978
16,-185,970
14,-179,964
16,-180,975
32,-175,982
43,-176,1008
64,-193,1028
81,-194,1049
99,-192,1060
136,-191,1062
157,-179,1056
170,-176,1042
183,-171,1027
201,-165,1003
232,-148,981
245,-140,969
253,-132,967
252,-129,974
245,-129,990
249,-129,1006
253,-124,1030
254,-115,1048
241,-108,1059
229,-105,1058
208,-98,1051
185,-94,1040
178,-83,1025
169,-75,1002
157,-71,989
138,-71,977
123,-68,979
110,-68,982
116,-67,995
119,-64,1013
122,-64,1028
125,-67,1037
123,-65,1051
128,-67,1060
143,-64,1061
159,-62,1048
173,-62,1037
179,-63,1017
189,-60,1001
193,-60,989
202,-57,987
216,-57,978
212,-55,983
201,-57,992
181,-57,1012
144,-51,1028
91,-49,1045
43,-45,1052
44,-46,1059
39,-51,1057
43,-48,1050
35,-47,1043
38,-42,1033
28,-42,1016
37,-41,999
39,-44,993
52,-44,990
59,-42,986
70,-42,992
71,-44,997
76,-48,1013
78,-50,1027
80,-57,1038
95,-54,1046
112,-54,1045
132,-55,1052
144,-60,1041
150,-61,1029
156,-62,1023
166,-65,1014
196,-63,1003
229,-67,1004
260,-74,1002
269,-81,1003
278,-83,1003
276,-87,1004
262,-89,1011
275,-96,1013
279,-100,1019
277,-105,1020
278,-111,1023
260,-112,1022
238,-124,1013
217,-134,1012
204,-136,1008
192,-136,1006
175,-138,1004
160,-147,1006
166,-153,1011
171,-161,1021
166,-173,1031
175,-193,1031
171,-203,1042
198,-202,1035
199,-209,1026
182,-214,1010
170,-215,997
146,-214,990
136,-212,978
138,-212,977
121,-220,980
113,-235,983
114,-250,995
104,-242,1009
96,-241,1021
102,-254,1038
96,-258,1052
97,-267,1053
100,-270,1051
96,-266,1044
90,-269,1032
72,-281,1017
68,-278,995
59,-276,976
50,-276,973
36,-274,969
29,-273,973
19,-276,981
6,-273,994
3,-280,1014
-4,-277,1030
-17,-276,1045
-16,-281,1057
-12,-272,1049
-10,-278,1047
-25,-282,1032
-26,-277,1013
-47,-257,999
-46,-254,986
-40,-243,978
-34,-246,973
-49,-236,976
-57,-238,988
-59,-238,1007
-63,-233,1021
-54,-230,1036
-66,-214,1050
-69,-215,1050
-88,-211,1049
-95,-201,1036
-102,-188,1028
-104,-172,1007
-112,-173,993
-136,-160,991
-164,-155,991
-172,-153,993
-161,-143,1005
-168,-130,1020
-172,-122,1030
-190,-109,1044
-216,-104,1048
-215,-99,1044
-231,-81,1037
-234,-78,1028
-230,-70,1017
-228,-57,1007
-223,-43,999
-228,-40,1002
-218,-37,1002
-207,-32,1017
-203,-31,1028
-204,-30,1039
-203,-29,1051
-203,-30,1052
-195,-27,1047
-181,-22,1043
-175,-20,1033
-177,-20,1022
-169,-19,1009
-158,-18,1000
-109,-21,993
-31,-31,990
-62,-32,993
-32,-34,1013
-50,-37,1028
-35,-38,1042
-24,-36,1057
-21,-37,1057
-14,-36,1055
-16,-40,1050
-10,-40,1037
-11,-38,1021
-7,-39,1009
-11,-39,994
-5,-38,989
-1,-37,986
-5,-38,988
-12,-37,993
-24,-35,1005
-44,-37,1018
-52,-41,1036
-60,-42,1038
-78,-43,1034
-69,-46,1032
-64,-47,1038
-55,-48,1045
-44,-48,1048
-57,-52,1040
-58,-55,1038
-42,-58,1031
-28,-59,1033
-9,-57,1027
1,-59,1025
21,-60,1015
19,-60,1005
13,-57,992
25,-58,986
23,-60,985
24,-58,991
32,-60,992
41,-60,1007
51,-63,1023
57,-68,1033
55,-72,1045
64,-72,1048
66,-68,1053
70,-65,1045
74,-66,1044
90,-67,1036
100,-65,1025
92,-63,1018
123,-63,1005
112,-62,995
121,-59,987
130,-60,987
125,-59,989
128,-54,996
131,-55,1004
125,-58,1025
137,-59,1039
141,-62,1046
148,-62,1045
163,-58,1048
163,-55,1042
165,-51,1036
160,-48,1036
161,-49,1022
158,-45,1016
159,-37,1005
144,-28,995
140,-2,995
136,7,1003
126,-9,1006
122,-27,1009
124,-36,1015
128,-29,1020
131,-15,1026
128,-46,1031
109,-102,1038
99,-114,1041
87,-81,1037
90,-65,1030
96,-50,1018
84,-35,1008
81,-41,1004
73,-37,1000
61,-35,1004
54,-57,1007
52,-59,1013
59,-51,1018
68,-44,1023
70,-35,1029
67,-35,1036
68,-45,1042
71,-43,1045
62,-59,1038
66,-61,1035
59,-51,1023
50,-53,1016
50,-46,1006
42,-45,1004
38,-41,1001
37,-42,1003
32,-45,1004
31,-43,1011
29,-39,1014
31,-32,1025
31,-25,1026
22,-34,1027
19,-54,1034
18,-61,1034
16,-52,1029
12,-48,1027
9,-45,1019
7,-48,1017
8,-45,1020
0,-46,1021
-6,-47,1028
-5,-43,1016
-15,-40,1008
-15,-36,1001
-19,-38,1007
-18,-40,1012
-23,-39,1020
-18,-42,1034
-19,-43,1035
-31,-39,1026
-32,-35,1020
-32,-36,1021
-31,-36,1031
-20,-38,1033
-1,-41,1040
3,-40,1031
-11,-44,1026
-4,-44,1024
-8,-43,1027
-1,-41,1024
9,-40,1026
10,-38,1024
6,-40,1026
4,-42,1027
-7,-41,1021
-33,-40,1019
-35,-43,1027
-41,-40,1028
-66,-41,1035
-91,-37,1041
-109,-34,1061
-131,-31,1031
-210,-34,1020
-160,-39,1007
-156,-38,1023
-174,-37,1029
-154,-48,1034
-182,-44,1020
-196,-43,1005
-182,-55,1008
-181,-55,1011
-162,-49,1012
-182,-57,1020
-214,-64,1018
-215,-77,1027
-197,-89,1022
-198,-90,1016
-170,-98,1024
-173,-105,1035
-169,-124,1039
-151,-135,1034
-131,-141,1021
-108,-147,1005
-108,-153,998
-105,-158,990
-104,-167,988
-88,-171,994
-72,-170,1004
-64,-178,1019
-67,-183,1034
-73,-191,1042
-64,-196,1051
-34,-205,1051
-13,-207,1040
-5,-203,1018
-10,-200,999
-6,-211,993
-5,-206,985
-1,-208,981
4,-202,980
6,-203,986
3,-206,998
-5,-209,1009
-18,-217,1021
-17,-221,1036
-8,-223,1048
4,-226,1046
13,-229,1046
15,-227,1034
25,-231,1023
27,-230,1009
40,-227,994
55,-227,983
69,-218,977
74,-219,977
73,-215,986
67,-208,997
69,-215,1014
93,-220,1028
109,-218,1039
136,-208,1051
138,-201,1050
140,-200,1042
149,-201,1034
162,-195,1014
169,-183,998
187,-166,982
189,-155,980
190,-155,977
187,-154,985
187,-151,1005
197,-148,1020
219,-136,1037
231,-130,1046
228,-128,1046
223,-125,1049
216,-122,1039
218,-113,1024
223,-104,1014
230,-94,996
228,-90,988
225,-87,984
221,-84,987
211,-81,998
216,-79,1002
227,-76,1019
228,-78,1033
236,-77,1042
237,-76,1049
231,-70,1054
220,-68,1046
199,-66,1033
194,-62,1024
190,-59,1009
190,-56,994
196,-57,981
192,-53,983
171,-52,984
150,-56,994
111,-50,1008
78,-45,1022
52,-48,1036
77,-52,1041
74,-50,1054
70,-50,1051
52,-49,1053
42,-46,1043
59,-45,1032
70,-52,1022
92,-50,999
103,-51,994
115,-50,991
134,-53,992
161,-55,995
200,-57,1004
237,-62,1013
266,-68,1028
282,-76,1035
304,-84,1043
325,-92,1049
342,-98,1043
352,-103,1039
362,-108,1029
370,-118,1007
364,-127,999
350,-130,992
336,-144,982
325,-158,980
299,-170,982
281,-175,993
260,-177,1001
246,-183,1021
226,-194,1031
205,-201,1040
185,-205,1047
172,-215,1043
172,-225,1035
170,-233,1020
170,-235,1001
164,-239,988
147,-241,979
126,-246,979
120,-264,983
119,-264,992
112,-271,1002
88,-270,1014
69,-265,1026
39,-266,1035
37,-272,1042
34,-279,1042
38,-277,1028
36,-281,1024
28,-285,1018
18,-280,1007
9,-273,994
19,-282,986
16,-280,984
19,-282,987
14,-283,993
3,-277,1002
2,-280,1008
8,-275,1018
6,-273,1025
10,-283,1028
11,-286,1026
5,-284,1022
5,-281,1015
6,-277,1008
14,-276,1004
9,-265,1008
5,-258,1009
1,-263,1009
-8,-262,1007
-17,-256,995
-32,-260,997
-44,-253,1001
-58,-236,1005
-64,-235,1021
-86,-230,1029
-109,-223,1031
-119,-222,1039
-130,-220,1047
-142,-202,1050
-152,-192,1044
-164,-183,1031
-173,-167,1016
-185,-162,998
-183,-158,983
-175,-139,968
-184,-117,976
-198,-107,980
-215,-93,994
-245,-91,1013
-258,-91,1036
-262,-74,1057
-274,-67,1075
-280,-55,1074
-291,-51,1060
-294,-38,1047
-300,-30,1020
-291,-26,1002
-282,-21,987
-280,-19,984
-279,-12,986
-283,-7,995
-276,-8,1008
-260,-10,1021
-240,-17,1042
-178,-22,1055
-126,-19,1064
-124,-29,1068
-126,-32,1058
-92,-34,1037
-87,-32,1021
-63,-31,1004
-47,-32,992
-38,-32,989
-26,-37,991
-6,-42,996
0,-43,1004
10,-45,1011
28,-49,1022
42,-49,1036
54,-53,1042
71,-52,1053
77,-52,1051
85,-53,1046
94,-52,1039
104,-53,1026
112,-53,1016
116,-51,999
117,-47,988
113,-46,984
118,-46,984
121,-45,990
121,-47,1003
129,-47,1021
122,-49,1035
124,-49,1040
125,-49,1050
125,-47,1055
116,-51,1051
118,-49,1042
115,-50,1027
111,-44,1012
106,-42,1000
100,-38,990
87,-35,987
68,-36,988
39,-33,997
13,-34,998
-19,-33,1000
-93,-29,1007
-147,-24,1021
-157,-25,1037
-218,-23,1059
-224,-22,1070
-249,-24,1075
-266,-28,1071
-243,-38,1049
-251,-36,1030
-242,-41,1008
-243,-45,994
-228,-52,985
-200,-61,986
-188,-69,991
-180,-75,1003
-186,-84,1013
-183,-93,1028
-156,-107,1043
-138,-114,1056
-133,-122,1055
-142,-127,1045
-158,-136,1033
-143,-150,1020
-119,-161,1008
-105,-152,995
-96,-149,987
-103,-156,984
-111,-170,987
-88,-193,1001
-75,-197,1018
-57,-200,1035
-53,-203,1048
-62,-207,1053
-63,-221,1049
-48,-239,1037
-29,-204,1023
-15,-228,1008
-20,-216,996
-12,-229,986
-15,-224,983
-2,-225,981
10,-231,990
20,-228,995
33,-233,1009
40,-240,1026
41,-232,1039
41,-233,1045
44,-236,1048
45,-233,1040
46,-231,1030
33,-223,1013
21,-221,1000
8,-213,993
3,-219,986
0,-219,986
-1,-220,989
4,-223,995
8,-231,1007
9,-237,1013
15,-234,1019
12,-234,1024
36,-238,1038
60,-239,1047
81,-239,1050
98,-233,1043
108,-233,1038
116,-230,1022
143,-230,1004
166,-221,984
186,-212,972
201,-199,964
199,-186,970
196,-175,980
200,-171,1000
208,-170,1022
232,-163,1044
236,-159,1056
238,-157,1060
259,-150,1049
294,-146,1027
317,-142,1010
340,-128,998
340,-117,990
341,-111,990
350,-105,991
355,-91,1013
367,-85,1028
383,-87,1040
401,-88,1046
390,-82,1037
389,-74,1024
396,-73,1004
377,-66,994
368,-68,986
326,-70,974
275,-60,972
212,-59,983
186,-62,990
153,-55,1007
121,-53,1019
101,-56,1035
70,-55,1046
40,-51,1055
29,-53,1060
11,-47,1056
-5,-48,1052
-12,-46,1038
-14,-45,1020
-21,-43,1006
-37,-39,996
-47,-36,988
-61,-36,986
-59,-33,993
-53,-37,998
-50,-40,1009
-49,-41,1020
-49,-41,1035
-60,-37,1054
-60,-37,1058
-52,-43,1063
-38,-42,1052
-32,-37,1038
-34,-35,1026
-37,-36,1009
-26,-37,999
-8,-37,992
21,-39,984
30,-41,987
31,-40,992
34,-41,1001
35,-40,1005
29,-42,1012
36,-45,1020
60,-49,1036
71,-49,1043
87,-52,1053
102,-51,1061
93,-53,1064
83,-53,1058
99,-52,1050
118,-53,1036
143,-53,1022
164,-55,1017
176,-57,1006
172,-57,992
183,-58,983
219,-60,977
242,-58,980
268,-67,984
278,-73,988
277,-78,1002
268,-79,1018
272,-85,1032
293,-89,1047
300,-98,1049
292,-104,1050
269,-107,1041
237,-106,1027
213,-105,1009
183,-108,995
161,-109,983
143,-108,979
132,-109,974
137,-116,987
142,-120,999
142,-129,1019
147,-134,1032
149,-143,1043
150,-147,1049
150,-151,1043
152,-154,1029
147,-152,1015
127,-151,1000
102,-146,991
87,-152,990
75,-155,996
65,-156,1000
54,-159,1009
45,-163,1016
30,-163,1034
27,-166,1041
24,-167,1049
33,-167,1043
36,-165,1035
37,-164,1023
42,-170,1012
46,-167,1008
50,-167,996
49,-166,992
51,-165,990
44,-167,997
47,-169,999
46,-171,1003
43,-172,1014
37,-170,1027
15,-163,1029
2,-157,1031
-5,-155,1026
-25,-150,1019
-35,-157,1023
-34,-157,1027
-44,-153,1034
-44,-151,1026
-39,-146,1020
-47,-139,1012
-55,-133,1014
-60,-133,1011
-71,-135,1019
-68,-132,1023
-72,-131,1020
-87,-124,1017
-93,-111,1016
-100,-109,1021
-88,-106,1017
-82,-108,1013
-78,-98,1009
-77,-93,1008
-80,-92,1005
-74,-88,1015
-65,-85,1014
-64,-82,1014
-67,-83,1020
-56,-75,1021
-64,-86,1029
-63,-80,1032
-57,-71,1025
-87,-75,1035
-50,-76,1038
-66,-64,1036
-62,-65,1021
-24,-65,1012
-36,-62,1014
-28,-68,1017
-26,-70,1020
-35,-66,1017
-2,-63,1018
2,-57,1012
-17,-54,1017
-2,-52,1017
-4,-55,1019
-12,-62,1018
2,-67,1028
-3,-66,1030
-13,-65,1037
12,-61,1038
1,-52,1037
-16,-48,1033
-19,-52,1033
-28,-61,1028
-28,-60,1027
-6,-57,1024
-8,-52,1019
-11,-48,1016
-13,-55,1009
-12,-54,1010
-14,-52,1017
1,-50,1021
7,-51,1018
1,-49,1019
-1,-52,1019
0,-54,1021
-7,-53,1017
-22,-49,1014
-41,-45,1013
-51,-46,1013
-69,-42,1018
-63,-39,1030
-67,-33,1033
-77,-38,1038
-63,-34,1039
-79,-38,1040
-78,-37,1038
-79,-36,1033
-80,-32,1028
-73,-29,1021
-75,-26,1017
-71,-29,1010
-71,-29,1010
-59,-31,1008
-61,-30,1007
-49,-32,1010
-28,-35,1012
-15,-35,1016
-8,-36,1029
13,-42,1035
22,-39,1041
33,-41,1039
46,-41,1040
53,-43,1035
53,-42,1029
49,-40,1021
55,-40,1013
56,-39,1010
57,-41,1008
55,-38,1002
39,-36,999
19,-37,999
1,-36,999
-31,-33,998
-46,-27,995
-81,-29,994
-110,-26,1001
-135,-29,1013
-144,-29,1022
-151,-33,1033
-166,-35,1044
-174,-34,1056
-213,-37,1058
-225,-44,1052
-229,-54,1052
-222,-60,1050
-189,-61,1056
-166,-56,1054
-166,-61,1042
-171,-64,1027
-168,-74,1005
-165,-76,994
-153,-80,983
-143,-83,970
-153,-83,962
-158,-98,965
-158,-112,979
-150,-118,1004
-126,-124,1035
-123,-130,1061
-118,-141,1075
-113,-164,1077
-105,-167,1064
-94,-167,1042
-75,-165,1005
-79,-162,979
-81,-172,963
-83,-177,956
-78,-177,959
-62,-185,976
-53,-187,992
-45,-195,1023
-39,-211,1051
-45,-211,1068
-34,-231,1076
-22,-232,1069
-12,-225,1055
-13,-222,1028
-13,-216,989
-11,-222,977
7,-220,959
28,-224,951
37,-219,961
51,-223,972
56,-226,996
74,-227,1020
83,-221,1045
86,-223,1054
91,-218,1063
92,-221,1066
102,-214,1054
100,-208,1037
94,-202,1015
79,-194,991
69,-183,972
58,-181,965
40,-184,959
42,-192,969
67,-197,988
82,-195,1004
91,-191,1024
103,-192,1046
98,-190,1055
108,-193,1066
134,-184,1060
148,-180,1039
153,-167,1020
151,-165,995
137,-160,979
137,-153,966
131,-138,963
129,-128,973
113,-134,987
91,-137,1015
93,-138,1037
95,-139,1058
109,-136,1060
119,-133,1048
114,-128,1032
78,-123,1017
26,-120,1034
70,-121,1038
71,-118,1043
125,-116,1033
169,-125,1014
189,-124,998
228,-117,987
225,-112,1003
265,-108,1027
318,-94,1026
292,-84,1018
286,-86,1016
317,-95,999
314,-79,992
356,-71,987
357,-72,987
339,-69,991
333,-72,996
310,-71,1007
293,-69,1020
298,-69,1031
262,-64,1044
216,-60,1044
164,-54,1044
65,-50,1044
62,-47,1037
31,-40,1026
19,-42,1013
11,-40,1007
9,-44,1000
4,-41,999
-6,-39,1000
-13,-36,1003
-20,-35,1013
-28,-37,1025
-26,-38,1037
-21,-40,1039
-20,-41,1046
-13,-41,1048
-8,-40,1041
-8,-40,1035
6,-42,1028
16,-41,1020
36,-41,1004
57,-40,1003
70,-40,996
75,-44,1000
84,-50,1006
121,-48,1007
156,-55,1019
196,-58,1028
223,-62,1033
256,-67,1040
269,-70,1044
266,-71,1039
263,-71,1033
258,-68,1020
249,-71,1010
239,-78,998
226,-79,995
234,-81,993
238,-81,989
243,-83,1001
253,-92,1003
264,-96,1013
267,-108,1022
278,-113,1030
281,-114,1038
286,-117,1037
275,-134,1031
250,-144,1024
210,-150,1011
176,-142,1003
148,-138,994
130,-142,994
114,-146,994
105,-151,997
99,-163,1011
102,-165,1021
99,-161,1027
89,-159,1037
91,-171,1039
101,-180,1034
107,-176,1025
107,-176,1021
100,-178,1008
82,-179,1001
89,-194,996
96,-188,995
102,-189,999
103,-191,997
97,-189,1006
98,-201,1014
85,-201,1023
77,-202,1026
75,-211,1028
70,-208,1028
59,-202,1021
39,-205,1013
38,-206,1014
30,-206,1006
11,-201,1008
-11,-201,1004
-11,-204,1006
-18,-203,1007
-30,-192,1005
-29,-191,1007
-42,-185,1017
-47,-186,1027
-38,-184,1034
-35,-180,1040
-30,-177,1039
-34,-175,1030
-35,-166,1023
-38,-168,1011
-47,-160,1002
-53,-154,998
-58,-151,998
-65,-146,1001
-75,-143,1010
-82,-136,1016
-90,-138,1026
-82,-133,1030
-78,-125,1034
-81,-124,1036
-90,-121,1043
-101,-112,1037
-112,-107,1029
-104,-96,1013
-110,-90,1005
-120,-92,998
-112,-98,997
-72,-93,995
-38,-89,1006
-10,-87,1013
-3,-88,1025
8,-86,1030
13,-87,1038
9,-87,1042
0,-85,1040
-6,-83,1040
-7,-83,1036
-27,-79,1025
-48,-72,1016
-66,-62,1007
-73,-62,1006
-75,-60,1001
-86,-54,1004
-100,-54,1011
-112,-51,1022
-123,-47,1033
-124,-51,1040
-122,-51,1039
-111,-46,1046
-118,-49,1041
-92,-42,1032
-81,-38,1025
-86,-35,1015
-84,-31,1005
-97,-25,998
-98,-27,1002
-98,-29,999
-91,-31,1012
-87,-30,1018
-87,-31,1027
-94,-32,1039
-101,-28,1043
-109,-27,1048
-102,-25,1045
-95,-26,1039
-64,-29,1027
-24,-28,1016
-42,-34,1014
-27,-37,1006
-16,-35,1004
-16,-34,1010
2,-34,1010
0,-32,1019
3,-37,1022
10,-34,1029
10,-38,1036
21,-44,1036
35,-46,1036
40,-45,1040
49,-44,1033
51,-43,1028
55,-41,1022
58,-40,1015
56,-34,1006
56,-39,1004
65,-40,1005
67,-41,1010
86,-47,1017
86,-47,1019
75,-45,1020
79,-43,1020
83,-45,1023
72,-41,1028
76,-41,1032
79,-45,1029
71,-43,1024
66,-39,1026
60,-44,1025
53,-41,1021
41,-41,1019
42,-39,1012
37,-38,1012
41,-36,1017
44,-37,1026
54,-40,1029
61,-41,1031
66,-46,1032
72,-45,1030
73,-42,1023
79,-40,1023
84,-40,1013
71,-40,1012
69,-40,1009
65,-38,1008
65,-40,1011
67,-40,1011
66,-42,1012
70,-43,1014
66,-42,1019
57,-42,1023
48,-41,1028
38,-39,1027
26,-37,1031
23,-38,1036
20,-39,1032
19,-39,1031
27,-40,1030
35,-38,1021
45,-40,1016
51,-39,1015
55,-41,1009
58,-43,1009
50,-39,1007
45,-37,1010
48,-36,1016
45,-42,1016
44,-38,1013
39,-38,1000
40,-38,984
37,-37,975
22,-36,971
31,-37,984
32,-40,994
27,-41,1006
-3,-34,1021
1,-45,1070
38,-50,1071
9,-45,1048
4,-44,1025
28,-46,1001
17,-42,971
17,-42,935
26,-39,914
21,-39,890
12,-40,871
-1,-42,844
-2,-44,833
-4,-49,806
-6,-49,800
-7,-53,800
-4,-60,807
-5,-70,806
-3,-73,800
-9,-91,825
4,-105,863
10,-113,887
24,-123,906
28,-140,915
36,-139,908
32,-151,931
31,-172,970
28,-188,1002
33,-191,1010
32,-203,1025
27,-218,1069
31,-234,1105
37,-239,1102
19,-244,1095
26,-248,1082
33,-258,1094
33,-260,1112
37,-274,1151
41,-279,1169
40,-289,1200
53,-292,1191
56,-291,1180
54,-294,1179
51,-296,1177
44,-293,1170
38,-288,1149
23,-295,1150
28,-297,1153
31,-295,1153
32,-299,1147
36,-296,1123
29,-292,1093
19,-288,1083
12,-286,1078
4,-280,1076
0,-280,1077
9,-273,1059
9,-270,1055
22,-269,1044
28,-265,1018
22,-259,996
8,-256,990
6,-254,978
0,-246,960
-7,-239,946
-11,-233,924
-9,-227,907
-1,-220,886
-9,-220,878
-11,-215,874
-15,-217,886
-5,-215,876
-12,-211,847
-5,-207,825
-7,-204,833
-3,-209,853
15,-212,868
14,-212,866
23,-215,856
20,-216,850
3,-219,848
3,-224,863
0,-232,883
-3,-238,914
-1,-243,929
14,-248,938
16,-249,938
16,-258,953
21,-257,963
22,-268,984
30,-271,993
15,-281,1035
18,-285,1070
29,-293,1104
26,-297,1094
22,-298,1084
35,-301,1077
24,-302,1087
16,-303,1111
9,-303,1122
1,-303,1123
5,-304,1110
-1,-305,1103
-3,-308,1084
-14,-302,1044
-39,-292,999
-64,-287,978
-52,-288,1005
-9,-293,1008
-6,-296,1003
34,-298,1004
33,-298,984
62,-257,937
2,-297,980
49,-280,949
-14,-284,973
25,-290,975
-3,-282,961
-3,-283,957
19,-279,951
0,-282,952
23,-279,947
43,-279,939
38,-283,953
67,-287,957
72,-286,951
51,-284,933
56,-278,910
40,-279,903
34,-275,909
33,-279,930
42,-278,937
32,-285,954
42,-283,939
17,-283,931
17,-283,934
29,-288,966
23,-288,974
4,-290,985
6,-289,978
-19,-289,979
-20,-289,987
-21,-296,1001
-18,-297,1001
-2,-302,990
-19,-306,1007
13,-300,1000
-6,-297,1000
-7,-301,997
15,-305,993
8,-304,994
28,-309,993
31,-310,1004
18,-310,1026
26,-312,1043
16,-311,1058
8,-313,1094
18,-313,1092
25,-308,1091
17,-309,1072
23,-306,1043
13,-306,1019
8,-298,1008
6,-299,999
1,-294,983
-2,-294,984
1,-290,981
-3,-286,991
-10,-281,1000
-5,-284,992
-9,-276,975
-5,-275,955
-8,-269,945
-19,-269,935
-17,-268,925
-22,-262,921
-27,-266,935
-26,-260,941
-39,-257,943
-25,-256,939
-15,-253,931
-9,-251,928
-4,-252,926
11,-254,940
22,-260,969
32,-268,998
30,-262,997
27,-261,991
26,-257,979
20,-255,984
17,-255,987
19,-255,1006
21,-258,1019
20,-258,1029
16,-264,1048
20,-262,1062
30,-260,1068
35,-262,1069
32,-262,1072
30,-252,1055
6,-251,1070
7,-247,1061
-8,-243,1043
-7,-242,1025
-7,-241,1008
-22,-236,1009
-9,-235,1026
-9,-230,1032
-8,-227,1035
6,-220,1016
0,-215,999
7,-210,983
-7,-207,971
-25,-203,949
-31,-198,919
-37,-196,903
-40,-191,888
-46,-187,879
-44,-186,890
-33,-185,904
-19,-181,905
-8,-177,895
-18,-172,879
-21,-176,892
-16,-183,921
-9,-190,938
-1,-191,954
4,-194,965
27,-199,979
48,-202,1000
63,-202,993
72,-199,996
71,-203,1016
72,-209,1052
82,-209,1074
68,-215,1088
75,-215,1078
80,-217,1083
84,-217,1089
94,-216,1085
93,-212,1065
94,-211,1053
83,-207,1046
70,-209,1062
70,-208,1052
54,-206,1039
55,-202,1006
51,-198,988
39,-193,977
23,-190,971
11,-185,961
-3,-186,975
15,-185,974
7,-183,956
15,-179,939
29,-182,932
22,-183,938
18,-180,945
19,-182,963
-10,-180,974
-18,-177,990
-16,-181,1018
-9,-183,1017
-11,-182,1015
0,-182,1031
-1,-186,1052
-1,-191,1084
19,-193,1117
37,-193,1125
36,-187,1092
33,-185,1070
34,-178,1063
21,-178,1064
11,-180,1076
-1,-176,1085
-11,-174,1091
8,-172,1092
11,-169,1105
20,-167,1131
25,-159,1110
-3,-159,1119
-3,-160,1168
-14,-156,1192
-19,-154,1188
-14,-149,1191
-18,-147,1210
-15,-139,1232
-12,-135,1238
-12,-130,1238
-14,-120,1230
-21,-113,1224
-7,-108,1194
-106,-54,933
-28,-61,547
250,91,-10
98,30,-134
-18,88,-154
-168,44,-76
-82,62,-68
-19,17,110
103,-20,454
59,-64,905
162,-61,1337
145,-153,1740
3,-132,1831
103,-139,1755
164,-144,1757
91,-132,1810
94,-139,1851
106,-143,1856
-20,-147,1726
-39,-115,1256
94,-77,670
185,60,76
55,39,11
-6,30,-140
-196,24,-73
-100,93,-143
-39,35,69
152,21,156
35,-36,544
-15,-94,1179
165,-127,1616
189,-145,1926
60,-130,2010
87,-144,1947
139,-146,1909
88,-140,1897
-14,-137,1745
-24,-127,1357
150,-117,620
110,-4,125
67,55,17
-97,21,-32
-135,79,-99
-135,34,-55
-19,37,118
118,44,372
-15,-88,801
22,-93,1311
218,-156,1684
179,-146,1968
23,-132,2043
112,-145,1986
145,-151,1914
-16,-88,1720
-36,-80,1344
51,-70,891
191,44,300
84,38,150
-138,3,45
-203,100,31
-214,34,134
-120,60,232
89,-9,454
116,-28,619
69,-101,1100
188,-54,1479
-23,-83,1683
167,-241,1832
463,-149,1801
393,-150,1778
78,-114,1601
2,-73,1476
352,-89,1054
119,-61,801
-144,-12,780
-186,3,870
-70,0,917
38,-13,982
96,-18,1035
86,-10,1024
70,0,978
96,5,935
113,4,921
133,4,916
158,13,904
153,12,927
134,16,954
155,19,951
165,15,957
245,14,949
249,15,940
227,24,925
236,26,893
285,29,854
351,23,813
371,14,802
373,1,816
369,16,826
366,59,819
326,52,835
290,30,839
290,28,825
348,27,801
353,22,817
341,11,853
315,0,875
310,11,891
344,24,898
424,13,907
454,0,917
483,-5,931
493,45,944
492,100,961
487,114,973
490,102,966
464,13,968
444,-32,980
432,-58,998
407,-40,1031
391,10,1036
380,19,1040
367,-10,1028
335,-43,1019
305,-23,1026
301,-3,1008
245,29,995
175,27,990
96,12,971
65,3,972
56,-13,979
60,-2,974
55,9,965
45,26,955
28,42,945
37,35,941
37,25,936
30,7,948
30,-10,958
34,-6,966
37,14,973
42,20,986
62,5,981
84,1,977
99,5,970
97,-1,972
85,-24,983
93,-28,997
121,-49,1023
181,-41,1013
191,-33,1008
212,-20,995
221,-19,993
219,-29,993
205,-44,1006
215,-52,1011
227,-67,1006
243,-75,991
237,-73,983
241,-44,996
142,-63,1064
122,-57,1081
143,-77,1070
145,-95,1077
139,-78,1095
123,-81,1093
127,-86,1078
134,-82,1064
142,-88,1044
138,-90,1032
134,-94,1012
116,-96,990
69,-95,977
-3,-76,965
30,-86,947
85,-93,918
26,-92,905
22,-96,890
44,-97,880
-11,-96,878
5,-98,872
20,-108,866
15,-117,860
20,-128,865
40,-135,878
34,-142,902
44,-154,931
60,-155,932
55,-163,948
51,-189,968
66,-196,976
74,-201,978
78,-215,972
81,-227,975
83,-231,964
90,-236,967
92,-243,952
95,-253,963
60,-266,1003
33,-268,1012
39,-279,1013
3,-285,1017
-5,-290,1003
0,-299,1010
27,-311,1034
62,-327,1056
58,-332,1076
58,-341,1102
69,-351,1114
77,-357,1112
88,-362,1104
103,-368,1077
108,-376,1059
139,-382,1052
171,-384,1062
189,-400,1082
185,-404,1125
194,-414,1147
246,-422,1140
291,-424,1130
325,-436,1140
310,-433,1159
300,-435,1192
326,-439,1197
376,-439,1192
423,-451,1184
458,-454,1177
482,-446,1173
452,-432,1174
447,-454,1184
474,-433,1180
493,-446,1153
507,-425,1141
468,-405,1114
437,-385,1095
461,-505,1059
451,-390,1042
374,-272,991
377,-287,948
410,-313,925
458,-268,868
427,-278,844
370,-188,834
337,-167,838
324,-52,755
333,38,533
273,-31,457
338,-33,435
318,-27,526
265,-7,669
251,4,731
260,0,782
265,-1,778
276,-1,753
246,14,720
204,8,703
165,-1,702
153,-16,722
149,-13,755
142,17,793
143,18,809
138,9,835
128,12,850
93,8,856
71,-5,851
56,-8,849
50,-11,844
34,3,869
18,4,890
19,-3,910
38,-21,956
59,-17,989
72,-16,1031
69,-27,1047
59,-35,1062
50,-33,1069
39,-46,1078
41,-44,1088
30,-50,1110
20,-51,1117
20,-51,1122
24,-53,1127
10,-59,1140
2,-53,1146
-5,-34,1136
-4,-70,1198
123,-75,1198
95,-62,1188
85,-55,1184
56,-65,1172
55,-73,1146
52,-61,1120
45,-60,1097
55,-33,1010
91,-42,985
112,-44,986
56,-50,957
36,-34,922
48,-31,912
169,-36,862
104,-44,880
30,-25,864
97,-38,879
151,-31,912
132,-43,964
200,-58,990
175,-49,1007
159,-66,1070
241,-73,1075
165,-59,1073
183,-72,1105
218,-72,1108
159,-71,1116
213,-75,1101
181,-57,1073
188,-62,1060
146,-66,1056
129,-50,1021
70,-53,980
51,-42,967
97,-52,954
139,-46,922
19,-34,911
118,-43,894
94,-28,906
66,-34,939
156,-46,982
109,-43,1023
74,-88,1074
87,-57,1107
47,-59,1130
110,-58,1133
115,-64,1136
82,-57,1122
122,-54,1095
37,-34,1052
6,-28,996
39,-47,982
121,-44,951
70,-32,925
3,-27,912
68,-33,903
40,-25,913
-10,-27,932
64,-40,967
83,-36,1013
54,-37,1047
96,-43,1083
86,-48,1112
51,-47,1122
45,-48,1118
68,-50,1113
78,-46,1096
94,-49,1078
99,-41,1038
78,-36,990
90,-35,963
116,-31,930
127,-32,910
146,-34,914
180,-37,924
177,-40,945
183,-44,971
170,-47,999
166,-50,1040
155,-53,1076
125,-52,1106
129,-48,1112
128,-54,1102
141,-48,1084
117,-45,1057
94,-44,1022
76,-38,995
70,-37,983
167,-42,948
118,-37,931
82,-28,930
189,-37,919
128,-34,944
180,-41,967
191,-47,1005
167,-50,1052
201,-56,1076
138,-53,1106
160,-54,1105
104,-50,1094
114,-46,1062
108,-46,1037
82,-38,1000
116,-37,959
104,-31,935
148,-33,920
154,-32,930
171,-39,947
191,-42,980
181,-51,1024
185,-57,1056
154,-58,1089
153,-58,1101
125,-53,1101
103,-48,1083
95,-37,1049
83,-33,1016
107,-32,975
115,-36,945
137,-36,928
161,-43,930
177,-47,945
189,-49,977
183,-48,1001
183,-48,1042
162,-45,1075
144,-49,1091
120,-45,1103
102,-45,1086
94,-46,1057
98,-45,1018
108,-45,989
114,-43,960
137,-38,939
150,-36,934
165,-34,942
181,-38,964
182,-40,998
181,-46,1032
164,-51,1064
150,-55,1084
135,-55,1092
116,-54,1087
101,-51,1068
88,-42,1037
97,-34,1000
108,-31,970
130,-33,950
143,-35,939
170,-40,943
185,-45,961
189,-48,980
191,-49,1012
176,-52,1042
159,-52,1073
135,-50,1085
108,-47,1084
94,-44,1070
86,-38,1041
89,-39,1017
103,-40,986
122,-40,960
150,-45,947
161,-43,947
177,-42,953
186,-43,978
187,-45,1006
176,-47,1040
157,-50,1068
144,-49,1081
121,-52,1085
103,-47,1074
91,-47,1054
92,-42,1023
103,-38,993
120,-38,964
134,-37,959
157,-35,950
175,-38,958
190,-45,974
193,-48,993
186,-49,1023
171,-50,1052
147,-50,1070
120,-48,1079
101,-45,1075
87,-42,1058
87,-39,1040
94,-37,1010
110,-37,981
136,-40,959
151,-42,956
174,-45,954
189,-46,968
193,-45,988
187,-47,1011
175,-49,1041
150,-48,1061
124,-45,1073
104,-46,1074
88,-42,1064
82,-41,1041
95,-40,1015
108,-39,999
131,-43,973
153,-42,959
173,-45,960
185,-45,965
191,-45,982
186,-45,1009
171,-45,1032
152,-44,1055
127,-45,1067
109,-47,1070
92,-47,1061
89,-45,1050
94,-44,1024
107,-45,999
126,-40,981
140,-38,971
162,-36,962
179,-39,968
188,-43,975
190,-47,992
183,-50,1014
163,-51,1038
140,-49,1053
116,-48,1060
98,-42,1063
86,-39,1054
85,-38,1040
97,-39,1022
116,-38,995
134,-41,984
161,-44,966
176,-45,964
191,-46,973
194,-47,978
185,-44,1002
171,-46,1023
141,-44,1049
125,-44,1059
95,-42,1068
99,-45,1060
82,-43,1050
102,-44,1033
112,-41,1006
132,-39,984
163,-37,967
168,-39,961
188,-43,968
180,-38,979
186,-46,997
166,-47,1019
149,-48,1039
140,-50,1053
110,-48,1068
104,-46,1062
93,-41,1051
97,-40,1031
110,-40,1013
129,-43,988
150,-40,978
159,-42,970
182,-43,967
185,-44,974
192,-46,979
177,-46,1004
168,-45,1022
140,-43,1042
128,-44,1056
104,-42,1061
100,-41,1057
100,-44,1045
109,-44,1024
124,-42,1002
144,-40,979
159,-41,976
174,-43,968
181,-48,973
182,-51,985
180,-43,994
167,-43,1016
148,-41,1039
132,-46,1056
109,-43,1054
112,-42,1035
85,-43,1039
153,-49,1020
84,-42,1009
100,-46,1005
181,-44,990
140,-36,990
177,-41,980
197,-32,969
4,-40,981
75,-43,952
61,-90,963
42,-15,1011
50,-48,1026
-106,-44,1064
-94,-52,1082
-184,-51,1106
-213,-29,1115
-265,-19,1095
-308,-23,1084
-324,-22,1067
-382,-49,1053
-325,-64,1028
-350,-81,1010
-303,-79,996
-302,-90,1003
-280,-124,1022
-305,-144,1043
-252,-157,1059
-243,-181,1086
-210,-202,1090
-173,-218,1088
-147,-236,1072
-141,-262,1050
-137,-277,1019
-148,-284,991
-124,-300,974
-83,-319,965
-50,-322,967
-27,-327,983
-25,-328,1003
-19,-352,1024
-9,-386,1047
13,-393,1060
56,-383,1061
94,-375,1050
125,-381,1033
151,-385,1007
184,-385,979
207,-376,966
237,-363,945
270,-342,940
302,-327,943
304,-321,953
303,-313,970
303,-322,990
303,-293,1009
304,-259,1033
306,-265,1038
294,-266,1034
303,-262,1019
313,-243,1000
327,-232,978
316,-210,959
305,-183,946
287,-182,951
307,-192,952
320,-191,970
338,-175,990
351,-166,1010
364,-157,1024
372,-149,1033
377,-140,1030
372,-134,1021
373,-124,1004
389,-119,989
411,-112,966
424,-101,953
418,-91,947
405,-84,949
383,-76,957
370,-75,973
355,-77,984
349,-82,997
340,-79,1014
316,-78,1031
312,-68,1041
281,-62,1042
255,-62,1030
227,-63,1021
210,-60,1002
202,-56,983
195,-54,972
171,-49,970
128,-48,978
84,-50,991
61,-52,1003
49,-52,1018
50,-48,1038
50,-44,1048
50,-43,1060
68,-53,1060
86,-56,1057
107,-62,1044
130,-57,1030
146,-50,1009
149,-48,995
125,-47,985
108,-51,982
98,-50,983
94,-48,989
97,-45,993
96,-48,1007
94,-48,1017
90,-55,1031
79,-57,1048
72,-56,1061
75,-53,1058
82,-48,1057
104,-50,1046
111,-53,1027
116,-56,1012
109,-55,995
114,-48,985
127,-46,980
130,-45,976
129,-53,986
126,-55,998
124,-57,1009
120,-53,1027
119,-50,1045
121,-49,1053
114,-55,1053
105,-58,1049
100,-58,1035
98,-52,1024
98,-45,1009
101,-46,997
104,-48,990
102,-51,982
109,-53,991
114,-49,998
118,-48,1003
124,-49,1018
126,-53,1029
148,-61,1041
187,-68,1038
293,-72,1028
416,-70,1011
546,-63,992
639,-88,961
672,-116,956
694,-140,934
744,-136,924
749,-125,921
699,-146,939
620,-158,959
606,-187,970
577,-199,984
579,-218,996
577,-232,1000
584,-262,994
585,-292,982
576,-316,973
571,-340,953
532,-365,942
517,-383,931
491,-412,927
476,-447,928
430,-475,933
377,-491,953
320,-513,971
274,-523,987
241,-538,996
230,-557,996
210,-567,995
177,-565,994
108,-573,1027
64,-572,1040
30,-584,1038
15,-602,1014
-29,-570,998
-41,-559,977
-70,-528,969
-84,-515,963
-124,-496,979
-155,-452,996
-157,-456,1017
-157,-442,1046
-180,-430,1065
